1.207
0.744
0.696
0.671
0.658
0.638
0.653
0.650
0.608
0.607
0.882
0.677
0.658
0.673
0.746
0.733
0.702
0.678
0.627
0.824
1.274
0.674
0.638
0.633
0.615
0.676
0.620
0.612
0.605
0.633
1.197
0.777
0.689
0.637
0.615
0.622
0.629
0.606
0.598
0.602
0.834
0.790
1.049
1.077
1.057
1.058
1.078
0.608
0.805
0.736
0.814
0.729
0.692
0.805
0.654
0.688
0.644
0.656
0.653
0.643
1.220
0.775
0.804
0.860
0.707
0.690
0.641
0.645
0.650
0.632
1.418
0.760
0.678
1.031
0.688
0.690
0.724
0.725
0.711
0.780
0.889
0.722
0.887
0.655
0.658
0.810
0.708
0.677
0.732
0.628
0.833
0.830
0.791
0.817
0.739
0.658
0.889
0.675
0.646
0.956
0.836
0.672
0.660
0.653
0.633
0.710
0.638
0.639
0.628
0.627
0.852
0.670
0.744
0.688
1.079
1.116
0.649
0.658
0.644
0.611
0.823
0.691
0.653
0.632
0.668
0.613
0.623
1.207
0.935
0.675
0.879
0.663
0.643
0.669
0.633
0.659
0.685
0.662
0.648
0.648
0.809
0.658
0.636
0.642
0.618
0.759
0.600
0.607
0.656
0.628
1.010
0.727
0.639
0.686
0.639
0.647
0.712
0.656
0.638
0.681
1.214
0.660
0.643
0.639
0.627
0.624
0.626
0.614
0.629
0.607
0.884
0.996
0.772
0.675
0.697
0.694
0.658
0.654
0.632
0.702
1.593
0.772
0.696
0.871
0.683
0.864
0.674
0.641
0.942
0.752
0.906
0.722
0.692
0.706
0.641
0.623
0.660
0.632
0.609
0.642
1.291
0.782
0.686
1.035
0.658
0.642
1.061
0.697
0.693
0.955
0.927
0.983
1.178
0.910
0.927
0.804
1.159
0.844
1.306
0.811
0.789
0.634
0.624
0.661
0.635
1.082
0.908
0.618
0.598
0.614
0.846
0.661
0.654
0.629
0.649
0.634
0.628
0.601
0.636
0.660
0.888
0.689
0.639
0.824
0.658
0.643
0.682
0.712
0.669
0.686
0.816
0.637
0.611
0.727
0.614
0.745
0.628
0.633
0.635
0.619
1.211
0.652
0.769
0.648
0.656
0.647
0.638
0.620
0.635
0.642
0.888
0.753
1.160
0.666
0.641
0.725
0.678
0.617
0.630
0.649
1.099
0.831
0.727
0.680
0.646
0.637
0.664
0.632
0.647
0.639
1.264
0.683
0.655
0.681
0.639
0.670
0.647
0.621
0.908
0.679
0.793
0.662
0.673
0.631
0.620
0.647
0.659
0.696
0.638
0.713
0.845
0.741
0.651
0.607
0.638
0.717
0.630
0.655
0.649
0.620
0.835
0.662
0.639
0.643
0.672
0.845
0.664
0.657
0.681
0.663
0.824
0.637
0.608
0.651
0.814
0.638
0.631
0.626
0.612
0.630
0.822
0.667
0.640
0.645
0.640
0.643
0.619
0.642
0.668
1.182
1.211
0.751
0.653
0.676
0.642
0.636
0.634
0.634
0.627
0.637
1.111
0.703
0.635
0.642
0.644
0.629
0.624
0.661
0.735
0.641
1.221
0.649
0.638
0.660
0.620
0.614
0.610
0.661
0.618
0.622
0.889
0.726
0.779
0.643
0.630
0.969
0.627
0.616
0.799
0.656
0.799
0.642
0.669
0.666
0.640
0.659
0.644
0.635
0.639
0.610
0.831
0.639
0.621
0.766
0.640
0.602
0.609
0.648
0.634
0.616
1.209
0.658
0.625
0.638
0.612
0.612
0.614
0.643
0.617
0.611
0.775
1.110
1.068
1.050
1.058
1.054
1.043
0.608
0.617
0.640
0.780
0.647
0.613
0.657
0.623
0.625
0.616
0.621
0.652
1.587
0.876
0.709
0.640
0.655
0.651
0.627
0.684
0.652
0.606
0.623
1.259
0.728
0.665
0.695
0.665
0.696
0.649
0.679
0.706
0.668
1.224
0.686
0.957
0.737
0.774
1.063
0.688
0.652
0.625
0.634
1.501
0.764
0.742
0.797
0.678
0.993
0.664
0.697
1.038
0.678
0.872
0.701
0.665
0.629
0.611
0.623
0.623
0.734
0.625
1.021
0.838
0.691
0.655
0.662
0.755
0.715
0.902
0.898
0.612
0.626
0.814
0.731
0.638
1.129
0.911
0.637
0.682
0.653
0.737
0.660
0.870
0.712
0.651
0.619
0.682
0.621
0.616
0.619
0.594
0.621
0.831
0.771
0.610
0.649
0.674
0.609
0.628
0.608
0.617
0.648
0.871
0.697
0.683
0.652
0.669
0.633
0.646
0.638
0.651
0.825
1.235
0.734
0.630
0.680
0.730
0.623
0.623
0.630
0.612
0.611
0.817
0.642
0.660
0.622
0.622
0.618
0.623
0.594
0.610
0.599
0.825
0.829
0.632
0.611
0.653
0.633
0.639
1.099
0.889
0.635
0.824
0.630
0.642
0.626
0.648
0.666
0.639
0.711
0.639
0.631
0.913
0.684
0.667
0.626
0.619
0.644
0.692
0.660
0.665
0.651
0.911
0.721
0.652
0.655
0.687
0.673
0.672
0.702
0.700
0.896
0.812
0.665
0.681
0.716
0.801
0.657
0.663
0.676
0.653
0.668
1.279
0.661
0.760
0.630
0.648
0.624
0.635
0.644
0.625
0.657
1.236
0.684
0.749
0.697
0.664
0.643
0.639
0.702
0.751
0.756
1.018
0.706
0.714
1.121
0.679
0.633
0.682
0.643
0.637
0.628
0.860
0.769
0.761
0.681
0.936
0.674
0.644
0.836
0.638
0.617
1.623
0.767
0.811
0.756
0.685
1.000
0.684
0.649
0.978
0.748
0.886
0.684
0.651
0.736
0.652
0.623
1.014
0.761
0.647
0.644
1.256
1.040
1.046
1.050
1.054
1.045
1.049
0.663
0.752
0.849
1.401
0.952
0.911
1.230
1.230
1.242
1.238
1.339
1.144
1.406
0.887
0.716
0.706
0.732
0.731
0.745
0.735
0.866
0.703
0.809
0.805
0.630
0.717
0.702
0.696
0.670
0.621
0.617
0.657
0.612
0.895
0.643
0.636
0.639
0.653
0.613
0.643
0.891
0.633
0.682
0.924
0.679
0.630
0.651
0.633
0.668
0.645
0.623
0.648
0.632
0.822
0.631
0.628
0.614
0.612
0.625
0.609
1.268
0.788
0.620
0.921
0.721
0.694
0.655
0.611
0.619
0.656
0.615
0.634
0.703
1.268
0.655
0.661
0.638
0.637
0.653
0.623
0.624
0.647
0.707
1.183
0.665
0.635
0.863
0.758
0.656
0.814
0.767
0.617
0.617
1.645
0.730
0.773
0.797
0.687
0.831
0.671
0.648
0.886
0.685
1.266
0.705
0.675
0.696
0.655
0.665
0.860
0.822
1.022
0.685
0.801
0.647
0.637
0.660
0.637
0.671
0.654
0.612
0.637
0.624
0.858
0.650
0.683
0.662
0.640
0.778
0.651
0.622
0.636
0.649
0.864
0.725
0.630
0.658
0.652
0.648
0.649
0.635
0.662
0.654
1.223
0.802
0.633
0.663
0.626
0.634
0.633
0.644
0.673
0.707
0.924
0.867
0.660
0.628
0.669
0.637
0.614
0.606
0.680
0.630
0.942
0.665
0.667
0.776
0.689
0.656
1.191
0.715
0.716
0.640
1.250
0.640
0.633
0.646
0.649
0.639
0.666
0.698
0.781
0.709
1.656
0.691
0.668
0.827
0.639
0.636
0.815
0.638
0.628
0.809
1.000
0.724
1.004
0.671
0.686
0.971
0.668
0.644
0.895
0.686
1.581
0.730
0.674
0.813
0.639
0.618
0.855
0.654
0.629
0.953
1.180
0.689
0.699
0.798
0.693
0.699
0.816
0.654
0.815
0.695
1.417
1.039
0.697
0.674
0.986
0.669
0.645
0.990
0.640
0.642
0.852
0.687
0.670
0.613
0.703
0.652
0.635
0.659
0.703
0.634
0.797
0.627
0.630
0.617
0.604
0.803
0.650
0.683
0.718
0.748
0.819
0.642
0.664
0.706
0.664
0.692
0.657
0.661
0.911
0.671
0.823
0.759
0.626
0.604
0.613
0.619
0.625
0.607
0.610
0.657
0.861
0.757
0.630
0.652
0.607
0.635
0.653
0.726
0.633
0.642
1.224
0.654
0.672
0.644
0.638
0.613
0.619
0.642
0.610
0.635
1.200
0.652
0.656
0.642
0.623
0.648
0.638
0.624
0.620
0.634
1.185
1.086
0.683
0.670
0.603
0.630
0.655
0.644
1.059
1.049
0.945
0.726
0.816
0.667
0.873
0.653
0.811
0.650
0.784
0.682
1.011
0.674
0.679
0.940
0.701
0.661
0.795
0.649
0.652
0.840
0.891
0.768
0.759
0.632
0.619
0.583
0.599
0.614
0.614
0.752
0.830
1.878
0.615
0.632
0.650
0.646
0.676
0.625
0.631
0.622
1.307
0.685
0.671
0.651
0.688
0.634
0.650
0.695
0.651
0.625
1.119
0.728
1.182
0.704
0.686
0.644
0.630
0.889
0.689
0.676
0.849
0.681
1.221
0.658
0.614
0.593
0.653
0.646
0.751
0.701
0.843
0.687
0.609
0.632
0.641
0.671
0.622
0.629
0.634
0.641
0.869
0.634
0.617
0.629
0.587
0.597
0.583
0.595
0.880
0.738
1.626
1.163
0.711
0.645
0.614
0.616
0.612
0.605
0.594
0.652
1.261
0.659
0.652
0.721
0.697
0.716
0.870
0.781
0.790
0.881
1.273
0.807
0.657
0.795
0.633
0.690
0.666
0.668
0.634
0.612
0.958
0.737
0.994
0.657
0.648
0.908
0.647
0.681
0.953
0.644
1.222
0.663
0.619
0.612
0.676
0.746
1.015
0.628
0.648
0.659
1.107
0.851
0.662
0.728
0.802
0.625
0.591
0.615
0.651
0.607
0.849
0.641
0.613
0.616
0.595
0.640
0.598
0.696
0.638
0.606
0.855
0.703
0.668
0.689
0.726
0.628
0.637
0.596
1.048
0.866
0.785
0.673
0.636
0.700
0.646
0.652
0.646
0.659
0.696
0.654
1.240
0.737
0.704
0.679
0.683
0.640
0.879
0.650
0.646
0.646
1.228
0.686
0.802
0.631
0.943
0.630
0.732
0.779
0.721
0.729
1.188
0.740
0.777
0.799
0.671
0.789
0.713
0.673
0.622
0.686
1.217
0.665
0.633
0.629
0.629
0.746
0.626
0.665
1.218
0.650
1.591
0.732
0.703
0.811
0.650
0.695
0.613
0.621
0.619
0.615
0.968
0.694
0.695
0.791
0.769
0.950
0.694
0.644
0.995
0.660
1.407
1.053
1.120
1.075
1.102
1.034
1.067
1.070
0.713
0.686
2.028
1.659
1.703
1.727
1.678
1.648
1.694
1.651
2.522
1.406
0.901
0.874
0.663
0.786
0.653
0.770
0.660
0.812
0.650
0.828
1.363
0.721
0.742
0.745
0.669
0.987
0.686
0.913
1.042
0.709
0.781
0.675
0.629
0.647
0.613
0.600
0.611
0.619
0.606
0.603
0.832
0.921
1.105
0.623
0.622
0.636
0.663
0.760
0.655
0.597
0.871
0.683
0.664
0.636
0.665
0.627
0.620
0.662
0.629
0.661
0.894
0.644
0.655
0.642
0.618
0.829
0.657
0.665
0.653
0.630
0.834
0.666
0.644
0.654
0.647
0.636
0.841
0.692
0.763
0.650
1.244
0.952
0.689
0.645
0.651
0.660
0.618
0.618
0.680
0.600
0.785
0.640
0.650
0.720
0.640
0.626
0.835
0.640
0.621
0.657
1.180
0.655
0.652
0.630
0.636
0.624
0.616
0.617
0.621
0.648
1.242
0.731
0.664
0.653
0.698
0.657
0.634
0.626
0.656
0.647
1.237
0.662
0.701
0.677
0.646
1.007
0.621
0.648
0.727
0.660
1.292
0.633
0.626
0.918
0.693
0.633
0.775
0.794
0.715
0.647
1.460
0.694
0.678
0.906
0.780
0.641
0.655
0.619
0.627
0.639
1.623
0.766
0.704
0.804
0.669
0.683
0.625
0.644
0.661
0.656
0.867
0.725
0.718
1.139
0.660
0.670
1.234
0.674
0.951
0.660
1.590
1.252
0.997
1.067
0.994
18.836
12.473
0.801
0.747
1.455
0.974
0.682
0.739
0.711
1.174
0.638
0.644
0.611
0.617
0.615
0.995
0.717
0.640
0.884
0.685
0.673
0.670
0.683
0.704
0.667
0.845
0.712
0.622
1.174
0.808
0.679
0.659
0.638
0.629
0.615
1.309
0.671
0.652
0.654
0.691
0.655
0.699
0.821
0.646
0.713
0.907
0.648
0.673
0.640
0.628
0.608
0.623
0.615
0.651
0.654
1.609
0.708
0.679
0.656
0.651
0.638
0.670
0.633
0.683
0.633
1.366
1.016
1.034
1.036
1.040
1.037
1.040
1.050
1.065
1.053
1.409
1.073
1.027
1.042
1.046
1.046
1.058
1.086
1.137
1.046
1.889
1.661
1.638
1.639
1.643
1.708
1.656
1.656
1.623
1.416
1.845
1.728
1.771
1.639
1.658
1.652
1.423
1.513
1.650
1.637
1.032
0.842
1.029
0.808
0.957
0.880
1.006
0.874
0.948
0.814
1.756
1.604
1.761
1.923
1.751
1.626
1.912
1.699
1.595
1.850
0.887
0.645
0.616
0.618
0.604
0.632
0.614
0.647
0.666
0.646
1.314
0.711
0.736
0.673
0.657
0.635
0.625
0.610
0.701
0.632
1.251
0.678
0.663
0.693
0.838
0.626
0.619
0.615
0.699
0.660
1.724
0.712
0.612
0.615
0.647
0.577
0.603
0.643
0.699
0.633
0.963
0.784
1.143
0.714
0.658
0.626
0.691
0.672
0.628
0.599
1.543
0.720
0.715
0.860
0.656
0.979
0.727
0.634
0.980
0.657
1.368
0.749
0.641
0.673
0.629
0.618
0.621
0.634
0.638
0.623
0.815
0.663
0.642
0.684
0.649
0.896
1.169
0.678
0.625
0.615
0.870
0.844
0.644
0.645
0.609
0.610
0.709
0.608
0.613
0.621
0.775
0.633
0.681
0.784
0.650
0.635
0.630
0.644
0.643
0.629
0.896
0.688
0.709
0.643
0.625
0.642
0.675
0.640
0.642
0.668
0.804
0.637
0.649
0.650
0.647
0.649
0.627
0.755
0.655
0.634
1.240
0.646
0.626
0.663
0.634
0.649
0.652
0.794
0.636
0.634
1.293
0.698
0.856
0.698
0.644
1.102
0.691
0.632
0.615
0.672
1.575
0.735
0.708
0.655
0.633
0.630
0.616
0.662
0.778
0.673
0.871
1.080
0.729
0.683
0.934
0.674
0.969
0.762
0.668
0.901
1.395
0.787
0.667
0.998
0.657
0.662
0.821
0.697
0.645
0.830
0.803
0.651
0.634
0.609
0.617
0.618
0.628
0.598
0.607
0.610
0.917
0.745
0.669
0.651
0.701
0.684
0.657
0.688
0.852
0.779
1.246
0.867
0.623
0.676
0.602
0.601
0.591
0.581
0.595
0.595
0.839
0.676
0.659
0.619
0.668
0.645
0.689
0.699
0.626
0.861
0.858
0.670
1.202
0.825
0.682
0.667
0.611
0.655
0.661
0.670
0.870
0.722
0.679
0.689
0.636
0.642
0.656
0.647
0.699
0.695
1.347
0.691
0.717
0.693
0.663
0.696
0.864
0.675
0.709
0.657
1.245
1.001
0.676
0.649
0.653
0.699
0.671
0.647
0.658
0.667
1.269
0.696
0.658
0.884
0.720
0.699
0.824
0.698
0.643
0.797
0.828
0.630
1.301
0.877
0.609
0.595
0.683
0.612
0.621
0.615
0.844
0.645
0.628
0.675
0.784
0.696
0.656
0.656
0.621
0.664
0.889
0.635
0.640
0.610
0.635
0.722
0.657
0.639
0.624
0.662
1.000
0.765
0.697
0.640
0.656
0.741
0.653
0.659
0.623
0.646
1.316
0.706
0.764
0.661
0.682
0.683
0.684
0.696
0.655
0.660
1.396
0.710
0.705
0.698
0.656
0.646
0.660
0.659
0.667
0.667
0.937
0.660
0.671
0.766
0.632
0.650
1.407
0.723
0.709
0.616
