1.982
1.689
1.701
1.710
1.665
1.698
1.437
1.695
1.711
1.768
1.937
1.470
1.646
1.643
1.659
1.723
1.634
1.664
1.653
1.623
1.605
1.715
1.707
1.693
1.638
1.372
1.406
1.615
1.653
1.644
1.903
1.626
1.654
1.436
1.461
1.654
1.641
1.413
1.326
1.131
1.932
1.450
1.776
1.738
1.738
1.476
1.725
1.659
1.721
1.683
1.871
1.620
1.650
1.633
1.393
1.662
1.644
1.376
1.446
1.667
1.855
1.419
1.382
1.638
1.647
1.592
1.680
1.735
1.677
1.712
1.799
1.739
1.669
1.705
1.652
1.654
1.630
1.628
1.484
1.365
1.839
1.660
1.647
1.384
1.406
1.647
1.652
1.672
1.531
1.638
1.867
1.409
1.629
1.635
1.683
1.402
1.640
1.631
1.628
1.628
1.824
1.408
1.634
1.619
1.581
1.410
1.650
1.645
1.651
1.633
1.826
1.685
1.669
1.376
1.672
1.718
2.972
1.476
1.633
1.665
1.872
1.675
1.641
1.703
1.400
1.629
1.641
1.685
1.631
1.648
1.834
1.670
1.644
1.645
1.649
1.385
1.638
1.652
1.634
1.640
1.861
1.658
1.620
1.558
1.631
1.636
1.631
1.381
1.650
1.653
1.836
1.448
1.748
1.668
1.707
1.483
1.615
1.647
1.627
1.697
1.825
1.539
1.666
1.637
1.665
1.491
1.639
1.699
1.655
1.649
1.644
0.984
0.956
1.227
1.228
1.205
1.355
1.406
1.446
1.408
1.459
1.205
1.244
0.901
0.923
0.882
1.234
1.227
1.236
1.230
1.374
1.213
1.232
1.233
1.283
1.206
1.242
0.899
0.974
0.786
1.138
1.250
1.134
1.131
1.135
1.142
1.144
1.152
0.799
0.923
0.937
3.505
6.628
1.306
1.048
1.065
1.061
0.595
0.628
0.642
3.650
3.321
2.950
3.034
3.256
2.146
1.748
1.810
1.867
1.370
3.890
3.364
3.272
3.403
3.403
2.320
1.646
1.439
1.002
1.211
4.130
3.458
3.648
3.012
3.251
1.475
1.494
1.540
1.541
1.089
3.508
3.366
3.499
3.469
3.381
3.378
4.456
1.846
0.902
0.934
3.863
3.402
3.574
3.758
3.334
2.306
1.830
1.899
1.888
1.894
3.658
3.600
3.385
3.356
3.431
3.391
1.840
1.423
1.308
1.271
3.744
3.358
3.379
2.523
3.135
0.773
1.149
1.166
1.336
1.330
3.873
3.350
2.801
1.781
1.753
1.761
1.722
1.834
1.940
1.670
3.973
3.430
4.368
2.466
3.033
3.020
1.827
1.334
1.317
1.274
3.583
3.380
3.557
3.406
2.509
1.576
1.332
1.308
1.309
1.155
3.857
3.324
2.562
2.487
2.967
3.024
2.463
1.025
0.838
1.081
3.802
3.926
3.256
3.051
3.429
3.349
3.372
2.958
2.594
1.318
1.903
2.192
2.663
3.539
3.427
2.984
2.998
3.048
3.037
3.157
3.703
3.373
3.344
3.356
3.525
2.961
3.399
1.677
1.332
1.305
3.836
4.711
3.028
3.002
3.651
3.372
3.388
1.552
1.419
1.098
3.458
3.300
3.391
3.012
3.066
2.484
1.671
1.578
1.585
1.897
4.011
3.231
3.395
3.063
3.409
3.457
3.349
2.104
0.982
0.881
3.377
3.330
2.742
3.242
2.464
1.983
1.621
1.428
1.452
1.243
3.920
3.315
3.491
2.897
3.384
2.230
1.757
1.752
1.632
1.459
3.831
3.341
3.367
3.385
2.793
1.963
1.758
1.787
1.738
1.319
3.065
2.971
3.929
2.796
2.723
1.876
2.064
1.640
1.487
0.868
3.790
3.323
4.043
3.415
3.645
3.349
2.956
2.100
1.973
0.874
4.430
3.043
3.352
2.725
2.843
1.937
1.713
1.758
1.755
1.320
4.122
3.594
3.999
3.641
3.808
2.113
1.547
1.234
1.230
1.236
3.848
2.923
2.552
1.501
1.672
1.442
1.669
1.436
1.245
0.963
3.818
2.937
2.972
2.788
1.382
1.502
1.366
1.035
1.440
1.656
4.082
3.717
3.029
3.052
3.036
1.884
1.491
1.115
1.571
1.568
2.947
3.236
2.536
2.971
3.062
3.103
1.950
1.736
1.734
1.727
5.337
2.067
3.021
3.045
3.006
1.850
1.792
1.184
1.497
1.690
4.822
3.296
3.350
3.905
2.719
1.904
1.830
2.214
2.149
1.380
3.981
4.704
3.061
3.705
2.061
1.568
1.667
1.855
1.264
0.869
3.821
3.269
3.356
3.447
3.328
3.025
2.188
1.647
1.456
1.858
2.704
3.954
2.448
3.037
2.963
2.715
2.199
1.974
1.758
1.139
3.837
2.958
3.005
2.994
3.123
3.026
2.181
1.643
1.856
1.538
3.446
3.324
3.520
3.360
2.263
1.980
1.493
1.940
1.681
1.759
5.984
1.985
4.713
2.224
5.848
15.102
23.294
82.985
1.940
2.077
1.882
1.459
1.665
1.711
1.695
1.529
1.898
1.763
1.687
1.675
1.560
1.681
1.683
2.348
1.538
1.666
1.657
1.632
1.650
1.421
1.502
1.447
1.424
1.310
1.236
1.235
0.920
0.907
1.229
1.236
1.843
1.716
1.498
1.676
1.641
1.655
1.629
1.640
1.634
1.653
1.856
1.711
1.661
1.623
1.650
1.679
1.648
1.731
1.404
1.638
1.295
0.846
0.818
1.143
1.152
1.134
1.110
1.254
0.976
0.929
2.050
1.478
2.779
2.194
3.777
2.626
1.860
1.423
1.423
1.638
3.816
3.226
4.159
3.014
3.045
3.006
1.994
1.703
1.720
1.739
4.374
3.081
3.473
3.679
7.313
3.907
4.199
4.068
3.485
2.724
1.902
1.724
1.835
2.877
2.983
2.596
2.410
3.223
2.776
3.751
3.916
3.423
3.642
3.812
3.704
3.852
2.960
2.126
1.737
0.874
5.213
4.990
3.769
3.708
3.537
3.262
3.216
3.339
3.379
3.194
3.697
3.447
3.484
3.368
3.274
3.372
2.106
1.887
1.559
1.504
3.746
3.334
2.732
3.296
3.011
3.039
3.021
2.115
2.092
1.230
3.386
3.343
3.884
2.470
3.072
3.392
3.380
2.735
1.734
1.446
3.941
3.238
3.357
3.369
3.256
2.928
1.941
1.706
1.740
1.753
3.672
3.313
3.617
2.447
2.481
2.185
1.771
1.724
1.746
1.744
5.199
5.271
8.181
6.271
4.249
3.451
3.053
3.424
3.613
4.895
4.235
3.749
3.837
3.884
3.874
3.846
3.494
3.772
1.970
1.902
2.131
1.890
1.881
4.286
3.585
6.528
2.815
2.668
2.785
2.254
7.850
1.765
2.740
1.945
9.473
1.803
1.935
1.649
1.706
1.854
13.516
7.838
6.551
2.134
1.671
1.926
1.931
1.962
2.955
1.964
3.776
3.423
3.623
3.475
3.379
3.460
2.032
1.752
1.656
1.433
3.957
3.804
3.001
3.032
2.774
1.728
1.926
1.731
1.936
0.791
3.927
3.377
3.837
2.498
3.576
3.024
3.499
2.528
2.955
1.801
3.692
3.715
3.739
3.593
2.490
1.591
1.759
1.847
1.290
1.205
3.967
3.358
3.772
3.138
2.972
1.676
1.762
1.438
1.794
0.906
4.878
2.514
2.651
3.325
3.582
2.335
1.812
1.277
1.285
0.852
3.833
2.934
3.050
3.319
3.484
3.401
3.241
2.176
1.808
1.755
3.821
3.356
2.958
2.607
2.447
3.033
2.471
2.206
1.960
1.750
3.744
3.449
3.483
3.268
2.873
3.159
2.005
1.544
1.602
1.669
3.993
3.030
3.362
3.361
2.987
1.631
1.797
1.734
1.745
1.706
3.799
2.911
3.054
3.171
1.923
2.043
1.381
1.589
1.822
1.186
3.913
3.311
3.391
3.829
1.740
1.973
1.471
1.307
1.153
1.185
3.898
4.714
3.407
2.787
3.233
2.080
1.604
1.273
1.180
1.189
1.837
2.260
2.404
2.846
2.018
2.012
2.046
2.021
1.523
2.027
2.806
2.687
3.347
2.377
4.791
3.536
2.408
2.352
2.369
2.335
2.839
2.651
2.378
2.337
2.340
2.402
1.821
1.478
1.284
1.216
2.820
2.703
2.086
1.913
1.294
1.257
1.176
1.262
1.250
1.283
2.899
2.645
2.356
2.393
2.375
1.977
1.391
1.371
1.277
1.360
2.925
2.686
2.335
2.337
2.511
2.372
2.295
2.360
2.333
2.415
2.912
2.709
2.426
2.310
2.291
2.288
2.390
2.362
1.711
1.475
2.870
2.487
2.328
2.301
2.399
2.319
2.891
2.039
2.011
1.492
2.778
2.651
2.346
2.352
2.352
1.737
1.283
1.273
1.281
1.237
2.970
2.661
2.441
2.861
1.875
1.221
1.309
1.200
1.212
1.237
2.910
2.588
2.332
2.346
2.339
2.137
2.599
2.443
2.894
2.456
2.898
2.649
2.540
3.209
1.995
1.541
2.795
2.004
2.415
1.504
2.787
2.392
2.393
2.419
1.989
2.005
1.914
1.540
1.267
1.256
2.875
2.404
2.356
2.376
2.386
2.331
2.277
2.324
2.367
2.077
2.925
2.659
2.333
2.281
2.396
1.741
1.298
1.194
1.215
1.210
2.928
2.761
1.859
1.181
1.203
1.180
1.208
1.185
1.184
1.235
2.711
2.664
2.289
2.367
2.324
1.727
1.411
1.286
1.193
1.178
2.735
2.319
2.374
2.420
2.284
2.310
2.347
2.325
2.305
2.282
1.915
2.339
2.304
1.944
1.986
2.035
2.002
1.316
1.196
1.014
1.839
1.653
1.649
2.159
2.011
2.038
2.081
2.382
2.594
2.336
1.908
1.671
2.663
2.447
2.843
2.022
2.003
2.003
2.020
2.019
2.774
2.645
2.388
2.365
2.524
1.978
1.442
1.357
1.240
1.187
2.607
2.672
2.367
2.790
2.010
1.412
1.165
1.063
1.207
1.252
2.844
2.664
2.342
1.992
2.004
2.461
1.768
1.452
1.299
1.194
2.853
2.371
2.294
2.170
2.397
2.306
2.058
2.287
2.285
2.297
2.842
2.500
2.407
2.356
2.420
2.388
2.273
2.277
2.354
1.940
2.785
2.665
1.970
2.012
2.025
2.037
1.418
1.209
1.193
1.188
2.883
2.362
1.841
1.444
1.219
1.287
1.217
1.217
1.236
1.166
2.894
3.403
3.002
2.094
3.048
1.778
1.568
1.701
1.458
1.843
3.757
2.600
2.447
3.343
3.168
2.004
1.744
1.829
1.714
1.531
3.486
3.332
3.366
3.365
3.119
1.813
1.673
1.269
1.208
1.162
3.655
3.048
2.946
3.026
3.069
3.023
3.481
2.629
2.195
1.827
1.609
3.626
3.364
3.360
3.353
3.258
3.171
2.032
1.743
1.514
3.718
3.035
1.969
1.696
1.723
1.759
1.831
1.648
1.766
1.815
3.881
3.366
3.376
3.468
3.376
3.368
3.886
2.636
1.836
1.365
3.801
3.202
2.947
3.382
1.858
1.785
1.664
1.712
1.981
1.215
3.716
3.333
3.097
2.654
3.340
3.584
3.283
1.983
1.729
1.396
3.652
3.456
3.364
3.497
2.487
3.964
2.637
2.462
1.593
1.787
4.088
3.853
2.981
1.866
1.799
1.439
1.971
1.744
1.733
1.151
4.620
3.472
3.811
4.123
4.214
2.986
2.109
1.708
1.643
1.868
3.844
3.201
3.553
3.007
2.202
3.023
3.038
3.363
2.552
2.023
4.135
3.774
3.734
2.578
2.256
2.361
1.740
2.213
1.927
2.266
3.878
3.723
3.222
3.082
3.050
2.415
2.018
1.677
1.599
1.849
4.050
3.724
3.576
2.420
1.838
1.930
1.735
2.390
2.338
2.118
3.977
3.936
3.502
3.449
2.090
1.771
2.035
1.673
1.827
1.524
3.344
3.242
3.158
3.528
2.407
2.775
2.637
2.361
2.349
2.342
4.403
3.690
4.126
2.472
1.883
1.433
1.631
1.671
1.782
1.758
4.140
2.965
2.548
2.636
3.321
3.390
3.134
3.853
2.794
2.101
3.708
3.509
3.081
3.093
3.357
3.772
2.453
1.478
1.178
1.210
3.803
3.325
3.380
2.899
1.762
1.730
1.675
1.771
1.775
1.265
3.853
4.747
3.024
2.307
1.433
1.569
1.110
1.227
1.458
1.270
3.468
3.030
2.988
3.334
1.407
1.300
1.595
1.726
1.739
1.718
4.401
4.276
4.005
2.962
3.379
3.914
3.606
1.836
1.599
1.714
3.404
2.965
2.517
2.773
1.988
1.789
1.801
1.778
2.113
1.541
4.867
3.699
3.197
2.049
1.733
1.530
1.157
1.275
2.369
2.141
4.031
3.817
3.512
3.398
2.854
2.299
1.947
1.821
1.689
1.769
4.971
3.018
3.117
2.266
2.123
1.940
2.039
1.864
1.875
1.943
1.560
1.675
1.701
1.677
3.563
3.006
2.984
3.468
3.441
3.432
4.450
3.911
4.237
3.230
2.746
2.700
2.171
1.763
1.789
1.823
4.994
4.522
3.520
3.658
3.294
3.111
2.590
2.490
2.171
2.660
3.749
3.325
3.336
3.370
2.944
1.920
1.727
1.731
1.530
1.444
3.979
3.714
3.057
2.948
1.592
1.295
1.458
1.850
1.824
1.672
3.725
3.692
3.687
3.757
3.367
3.227
1.960
1.895
1.816
1.711
4.169
3.772
3.005
3.240
2.556
2.409
2.643
2.268
1.889
1.956
4.879
4.467
4.102
4.836
4.418
4.138
5.452
4.507
5.059
2.367
4.798
4.303
3.461
2.677
2.205
1.788
1.958
1.889
2.498
1.192
3.756
2.982
2.543
2.696
3.287
4.393
3.193
3.195
1.704
1.795
4.832
4.496
4.016
3.995
4.148
4.686
3.016
3.563
2.343
2.496
3.290
3.307
3.949
4.368
3.998
3.990
4.600
4.023
3.875
4.068
4.543
4.247
3.423
2.948
3.608
4.166
4.038
4.164
4.195
4.111
3.930
3.871
3.329
2.667
1.975
1.800
1.788
1.832
2.117
1.715
3.156
2.964
3.023
3.464
2.657
2.434
2.252
2.355
1.778
1.450
4.623
3.902
3.034
1.705
1.291
1.528
1.899
2.111
1.773
1.827
4.383
3.990
3.876
3.331
3.210
3.809
2.595
2.948
2.834
2.354
4.486
3.902
3.872
2.599
2.376
2.802
2.270
2.329
2.914
3.499
4.776
4.613
4.223
3.943
4.150
4.024
3.748
4.350
4.887
4.299
5.160
4.312
4.120
3.108
3.615
3.984
4.652
4.101
4.387
3.338
3.719
2.945
3.103
3.595
3.227
2.059
1.626
1.612
1.415
1.879
1.850
1.456
1.664
1.630
1.426
1.369
1.654
1.638
1.635
1.691
1.883
1.494
1.640
1.630
1.673
1.643
1.626
1.641
1.653
1.671
2.278
1.837
2.097
1.675
1.672
1.404
1.642
1.662
1.666
1.797
1.673
2.572
1.399
1.840
3.051
2.181
1.654
1.659
1.464
1.406
2.843
1.826
2.151
3.563
1.555
1.659
1.670
1.629
1.391
1.724
2.332
1.673
1.706
2.016
2.740
1.621
1.648
1.499
1.449
1.669
2.355
2.000
1.488
2.044
2.302
2.358
2.365
2.278
1.501
1.415
2.898
2.668
2.341
2.364
2.340
2.283
2.425
1.729
1.418
1.220
1.914
1.685
2.619
2.335
2.082
1.904
2.073
1.865
1.205
1.206
2.819
2.673
2.344
2.259
2.302
2.073
1.401
1.539
1.236
1.250
2.831
4.044
2.012
2.429
2.314
2.300
1.593
1.383
1.249
0.830
2.857
2.668
2.424
2.320
2.304
2.264
2.345
1.654
1.395
1.232
2.684
2.638
2.292
2.280
2.311
1.977
0.945
0.903
0.898
0.895
1.187
1.363
1.392
1.816
1.373
1.181
1.160
1.180
1.515
1.339
2.830
2.446
2.021
1.995
1.282
1.146
1.075
0.981
0.959
0.955
2.804
2.349
2.328
2.009
1.982
1.999
1.510
2.306
2.319
2.357
2.756
2.679
2.023
2.426
2.443
2.295
2.318
2.541
1.866
2.335
2.976
2.599
2.341
2.824
1.995
1.338
1.280
1.237
1.188
1.194
3.030
2.679
2.264
2.853
2.724
2.398
1.987
1.492
1.272
1.222
2.539
2.714
2.073
2.338
2.415
2.324
2.359
1.323
0.890
0.910
2.984
2.450
2.403
2.568
2.397
2.395
2.394
2.439
2.444
2.389
2.610
2.689
2.380
2.365
2.331
2.314
2.346
1.669
1.389
1.225
3.886
3.350
4.320
2.474
2.523
2.024
1.722
1.740
1.657
1.380
3.805
3.323
3.517
3.428
3.425
2.274
1.618
1.686
1.787
1.319
4.233
3.487
3.681
4.601
2.693
1.682
1.431
1.380
1.073
1.052
3.335
3.378
3.362
3.609
3.362
3.275
3.011
3.098
1.224
0.940
3.979
3.427
3.603
3.766
3.471
2.126
2.005
1.764
2.007
1.753
3.906
3.263
3.375
3.369
3.321
3.391
1.976
1.427
1.301
1.251
3.671
3.314
3.606
3.982
2.025
1.293
1.159
1.418
1.348
0.708
3.747
3.348
2.714
1.856
1.783
1.755
1.725
1.712
2.049
1.840
3.718
3.452
2.494
3.480
3.027
3.003
2.834
1.339
1.329
1.222
3.707
3.396
3.559
3.396
2.659
1.504
1.339
1.285
1.228
1.241
3.703
3.705
3.737
2.604
3.040
2.489
1.768
1.221
1.249
1.005
4.050
3.405
3.042
3.836
3.360
3.371
3.378
2.845
3.224
1.399
3.650
3.295
3.015
2.997
3.036
3.019
3.030
3.056
0.958
1.003
3.895
3.402
3.369
3.373
3.393
3.805
2.966
1.219
1.415
1.338
3.696
2.443
2.970
2.998
3.000
2.969
3.355
3.379
1.697
1.357
3.672
3.306
3.421
3.845
2.327
2.040
1.888
1.679
1.476
1.688
3.757
3.603
3.382
3.076
3.413
3.460
3.831
1.804
1.369
0.737
3.615
3.312
4.371
3.048
3.005
1.735
1.532
1.413
1.422
1.180
3.810
3.329
2.971
3.305
3.354
2.283
1.881
1.738
1.530
1.573
3.941
3.348
3.369
3.364
2.897
1.953
1.765
1.769
1.728
1.774
2.910
3.362
2.838
3.385
3.461
2.623
1.981
1.547
1.428
1.002
3.686
3.321
2.768
2.340
2.995
2.964
3.599
3.289
1.961
1.750
3.344
2.587
2.478
4.062
2.617
1.544
1.767
1.753
1.747
1.748
4.272
3.638
3.497
3.635
3.751
2.640
1.347
1.265
1.217
1.222
3.740
2.902
2.312
1.468
1.145
1.210
1.453
1.679
1.434
1.396
3.864
4.720
3.023
1.916
1.525
1.258
1.234
1.741
1.654
0.936
3.957
3.972
3.438
2.998
3.028
1.936
1.802
1.449
1.264
0.992
3.752
2.602
2.552
3.843
3.527
1.618
1.955
1.731
1.747
1.701
3.386
3.033
2.951
3.031
3.015
2.521
1.461
1.626
1.465
1.845
3.259
2.551
2.405
3.204
3.640
2.679
1.973
1.790
2.273
2.251
3.792
2.936
3.024
2.975
2.652
1.943
1.966
1.496
1.534
1.286
3.938
3.386
3.269
3.401
3.371
3.236
1.939
1.647
1.606
1.698
2.775
3.308
3.532
3.407
3.024
3.032
2.495
2.736
1.957
1.736
3.755
3.639
4.082
2.526
3.030
2.330
1.860
1.785
1.711
1.535
3.563
3.328
3.294
3.377
2.658
1.799
1.761
1.661
1.705
1.738
1.885
1.676
1.674
1.651
1.457
1.719
1.690
1.878
1.818
1.743
2.151
1.973
1.999
1.912
1.959
1.988
1.971
2.023
1.868
2.005
2.034
1.447
1.670
1.654
1.654
1.429
1.497
1.657
1.649
1.642
2.622
2.751
2.381
2.362
2.434
2.380
1.477
1.474
1.275
1.241
1.893
1.686
1.650
1.651
1.586
1.652
1.664
1.666
1.664
1.631
1.847
1.606
2.565
1.896
2.017
2.703
2.033
2.012
1.009
1.178
2.589
2.389
2.705
2.735
2.720
2.750
2.793
2.478
2.708
2.668
3.671
3.573
2.828
3.027
3.023
3.014
2.744
1.704
1.961
1.722
4.486
3.668
3.409
6.204
4.436
3.831
4.788
3.429
4.045
3.033
2.986
2.960
3.070
3.089
2.563
3.457
2.748
2.458
2.273
1.508
4.218
3.341
3.735
3.785
3.708
3.855
2.798
1.927
0.959
1.426
5.144
4.418
4.275
3.655
3.511
3.049
3.401
3.362
3.631
3.295
3.901
3.347
3.487
3.407
3.344
3.380
2.069
1.851
1.759
1.459
3.662
3.322
2.730
3.286
3.019
3.047
3.022
1.825
1.185
1.214
3.644
3.339
2.836
3.634
3.082
3.378
3.381
2.658
1.622
1.071
3.727
3.559
3.360
3.367
3.380
2.890
1.901
1.730
1.754
1.639
3.937
3.342
3.507
3.734
2.408
1.416
1.293
1.747
1.726
1.741
5.643
6.952
9.353
7.608
2.703
3.765
3.451
3.433
3.991
5.432
15.649
11.707
3.719
3.940
4.099
3.922
4.234
3.749
3.676
3.361
3.062
1.946
3.116
6.508
2.737
2.637
2.449
2.612
1.685
1.602
2.815
1.987
1.695
1.746
1.853
1.852
1.808
2.358
1.871
5.353
5.495
6.823
4.791
3.958
10.267
7.478
6.410
5.942
13.732
7.135
3.883
3.441
3.399
3.463
3.360
3.412
2.109
1.577
1.036
1.197
3.829
2.947
3.333
3.022
3.050
1.987
1.930
1.752
1.311
0.972
3.816
3.246
2.978
3.077
3.418
3.029
2.695
2.910
3.020
2.737
3.817
3.349
2.569
2.498
2.046
2.590
1.540
1.209
1.283
1.627
3.708
3.428
2.948
3.033
3.128
2.300
1.427
1.191
1.206
1.481
2.967
2.509
3.042
2.488
3.010
3.441
2.032
1.803
1.187
1.285
3.778
2.934
3.515
3.187
3.123
3.397
3.599
2.134
1.818
1.735
3.697
3.686
3.815
4.090
3.379
2.902
1.500
1.694
1.729
0.837
3.858
3.222
3.487
3.497
2.895
3.135
2.253
1.381
1.727
1.451
3.375
3.415
3.496
3.345
2.999
1.637
1.830
1.681
1.752
1.725
3.897
2.938
3.397
2.630
1.924
1.337
1.172
1.185
1.469
1.634
1.888
3.658
3.328
3.383
4.067
1.920
1.785
1.764
1.617
1.428
3.819
2.822
2.498
3.059
3.987
2.899
1.439
1.597
1.395
1.645
2.741
2.368
2.394
2.370
2.324
1.955
2.016
1.999
2.033
1.534
1.930
1.445
1.662
1.631
1.675
1.643
1.396
1.416
1.621
1.694
1.886
1.676
1.680
1.682
1.424
1.415
1.627
1.631
1.652
1.641
1.887
1.711
1.669
1.680
1.630
1.658
1.432
1.668
1.655
1.642
1.986
1.743
1.676
1.653
1.636
1.494
1.651
1.636
1.635
1.425
1.862
1.646
1.641
1.644
1.445
1.642
1.699
1.631
1.426
1.401
1.882
1.459
1.643
1.624
1.680
1.432
1.648
1.648
1.643
1.634
1.906
1.512
1.635
1.648
1.659
1.428
1.417
1.696
1.674
1.645
1.823
1.669
1.655
1.544
1.638
1.650
1.651
1.625
1.627
1.670
2.030
1.657
1.640
1.674
1.703
1.650
1.649
1.628
1.631
1.649
1.842
1.403
1.453
1.616
1.636
1.371
1.470
1.646
1.633
1.625
2.249
1.639
1.775
1.754
1.708
1.570
1.749
1.727
1.654
1.674
1.597
1.751
1.757
1.663
1.458
1.656
1.629
1.633
1.618
1.615
1.854
1.411
1.636
1.635
1.662
1.461
1.634
1.640
1.646
1.629
1.885
1.693
1.675
1.648
1.414
1.642
1.639
1.663
1.606
1.673
1.895
1.731
1.662
1.427
1.640
1.638
1.644
1.685
1.672
1.664
1.895
1.775
1.431
1.382
1.636
1.633
1.640
1.662
1.428
1.386
1.994
1.438
1.656
1.706
1.679
1.409
1.425
1.628
1.631
1.637
1.952
1.668
1.653
1.669
1.398
1.617
1.681
1.490
1.639
1.564
1.612
1.716
1.670
1.638
1.668
1.442
1.412
1.630
1.671
1.673
1.885
1.700
1.647
1.679
1.480
1.403
1.662
1.693
1.650
1.393
1.885
1.270
1.387
1.423
1.847
1.698
1.658
1.653
1.662
1.614
1.647
1.680
1.649
1.621
1.644
1.125
1.083
1.422
1.427
1.465
1.625
1.167
0.973
1.232
1.226
1.697
1.538
1.162
1.412
1.452
1.279
1.418
1.413
1.302
1.239
1.230
1.270
0.979
1.222
1.230
1.784
1.658
1.403
1.480
1.697
1.706
1.661
1.448
1.493
1.665
1.053
1.256
1.293
1.223
1.226
1.162
1.125
0.792
0.797
0.806
1.395
1.185
1.143
1.142
1.130
1.139
1.167
0.800
0.814
1.138
1.082
6.789
5.961
1.360
0.919
0.907
0.897
0.822
0.808
1.164
4.324
2.976
3.406
3.034
2.486
1.873
1.390
1.619
1.809
1.221
3.279
2.873
2.774
3.441
3.162
2.024
1.797
1.725
1.643
1.509
1.817
1.665
1.665
3.779
3.347
3.354
3.391
3.020
1.859
1.582
3.776
2.826
2.456
3.023
2.598
3.009
3.018
3.158
2.893
1.965
3.663
3.277
3.365
3.346
3.619
3.024
2.119
1.721
1.668
1.178
3.788
2.851
1.950
1.693
1.751
1.766
1.704
1.764
1.760
1.716
3.770
3.258
3.331
3.372
3.613
3.385
2.455
3.028
1.379
1.704
3.680
3.427
2.949
3.095
1.926
1.624
1.820
1.734
1.343
1.168
3.673
2.936
2.573
3.536
3.010
3.013
1.648
2.716
2.091
1.638
3.864
3.394
3.370
4.784
2.613
2.554
2.993
2.066
1.610
1.839
3.864
2.939
3.066
2.500
1.496
1.158
1.206
1.701
1.733
1.746
5.222
3.614
3.479
3.927
3.908
3.282
2.030
1.811
1.459
1.893
3.744
3.433
3.891
3.004
3.254
2.484
2.535
3.783
1.956
1.832
3.942
3.692
3.735
2.337
2.545
2.350
1.944
2.222
1.880
2.090
3.977
3.717
3.290
3.440
3.061
2.187
1.877
1.760
1.642
1.799
3.973
3.658
3.572
2.445
1.834
1.815
1.874
2.308
2.465
2.232
4.158
3.678
3.525
3.639
1.852
1.756
2.477
1.484
1.899
1.354
3.243
2.834
3.397
3.130
2.854
2.685
2.818
2.353
2.280
2.294
4.206
3.781
3.184
2.985
1.616
1.711
1.878
1.886
1.768
1.735
4.594
4.058
3.170
3.319
4.480
2.664
3.477
2.753
2.222
1.990
3.795
3.120
2.831
3.415
3.355
2.572
3.116
1.122
1.529
1.669
3.696
3.318
3.374
2.166
1.400
1.315
1.702
1.772
1.667
1.783
3.673
3.052
2.966
2.826
1.538
1.632
1.620
1.691
1.461
1.391
3.625
5.180
3.060
1.428
1.890
1.481
1.958
1.730
1.565
0.821
4.506
4.325
3.973
4.326
2.537
2.937
3.894
1.866
1.715
1.744
3.920
4.401
3.463
1.958
1.808
1.852
1.799
2.144
1.610
0.918
5.058
3.840
3.060
2.123
1.849
1.703
1.805
2.296
2.221
1.328
4.508
3.814
3.519
3.457
2.413
2.672
1.983
1.655
1.683
1.927
4.856
4.623
2.763
1.515
1.957
1.916
1.922
1.977
1.736
2.039
3.318
2.978
3.354
3.106
3.436
3.426
2.450
1.431
1.252
1.253
4.032
4.390
3.725
3.849
2.689
3.022
1.428
1.583
1.780
1.809
4.574
3.457
4.259
3.883
3.449
3.397
2.455
2.822
1.354
1.262
3.885
3.371
3.350
3.379
2.898
1.894
1.740
1.624
1.535
1.559
4.068
3.771
3.415
2.941
1.654
2.067
1.875
1.802
1.734
1.284
3.891
3.927
3.400
3.782
3.356
3.209
1.965
1.880
1.830
1.703
4.125
3.888
3.596
2.833
2.496
2.274
2.586
2.396
1.794
1.961
5.023
4.312
4.247
4.637
4.405
4.691
5.107
4.555
4.257
2.932
5.055
3.941
3.184
2.888
2.301
1.655
1.478
1.211
1.564
2.183
5.343
2.850
3.685
3.266
4.209
3.777
2.616
2.238
1.555
1.218
5.025
4.416
4.122
4.080
4.438
3.565
3.514
3.919
2.008
2.761
4.144
3.697
3.906
4.322
4.222
3.944
3.934
4.503
4.018
4.109
4.443
4.220
4.067
3.824
2.634
3.770
4.080
4.230
3.987
4.072
4.012
3.714
3.395
4.154
2.228
1.789
1.746
2.205
1.729
1.299
3.781
2.464
3.039
3.459
2.789
2.217
2.386
2.439
1.775
1.301
3.085
3.290
2.677
3.029
1.659
1.280
1.184
1.664
2.104
1.817
4.499
4.039
3.635
3.318
3.438
3.802
2.595
3.493
2.211
2.368
4.277
3.947
3.393
2.988
2.403
2.530
2.584
2.270
2.528
4.234
4.951
4.215
3.944
4.577
4.138
4.041
3.856
5.210
3.960
4.242
5.289
4.344
4.631
2.604
3.659
4.087
4.318
4.386
4.163
3.299
1.866
1.720
3.617
3.041
3.674
3.009
3.422
2.054
1.676
1.811
1.878
1.657
1.650
1.467
1.351
1.626
1.657
1.657
1.636
1.619
1.888
1.690
1.654
1.439
1.650
1.642
1.649
1.648
1.651
1.639
1.622
1.678
1.662
1.712
1.466
1.442
1.641
1.635
1.668
1.641
1.904
1.460
1.672
1.697
1.629
1.447
1.424
1.617
1.640
1.634
1.857
1.493
1.708
1.655
1.674
1.423
1.708
1.631
1.629
1.623
2.340
2.047
2.031
2.388
2.301
2.368
2.337
2.289
1.726
1.230
2.776
2.677
2.333
2.346
2.362
2.288
2.396
1.756
1.403
1.202
2.539
2.332
2.298
2.013
1.721
1.863
1.221
1.165
1.183
1.126
2.750
2.670
2.348
2.267
2.299
1.970
1.494
1.555
1.264
1.221
2.747
3.007
2.111
1.495
2.087
2.274
2.493
1.389
1.368
1.288
2.744
2.662
2.397
2.321
2.294
2.285
2.323
1.707
1.395
1.242
2.767
2.684
2.279
2.288
2.279
1.992
0.929
0.901
0.895
0.887
1.556
1.587
1.387
1.829
1.136
1.165
1.167
1.399
1.507
1.379
2.482
2.490
2.905
1.902
1.184
1.101
0.982
0.970
0.975
0.764
2.858
2.343
2.349
2.885
1.996
2.407
2.290
2.295
2.384
1.389
2.858
2.694
2.376
2.226
2.298
2.304
2.331
1.801
2.599
2.306
2.786
2.637
2.356
1.925
2.025
2.068
1.653
1.230
1.154
1.178
2.969
2.624
2.255
2.874
2.732
2.389
1.981
1.503
1.289
1.203
2.622
2.725
2.352
2.067
2.427
2.332
2.452
1.179
0.914
0.873
2.875
2.417
2.348
2.450
2.539
2.408
2.418
2.448
2.401
2.404
2.736
2.710
2.363
2.420
2.293
2.335
2.463
1.556
1.362
1.190
3.768
3.355
2.935
3.014
3.367
2.037
1.749
1.721
1.417
1.292
4.013
3.382
3.408
3.397
3.402
2.273
1.745
1.549
1.873
1.245
3.618
3.807
3.588
2.956
2.910
1.984
1.693
1.540
1.785
1.348
1.818
1.672
3.512
3.356
3.361
3.630
3.354
3.523
3.000
3.113
4.117
3.472
3.625
3.719
3.200
2.370
1.786
1.964
1.802
1.990
3.729
3.282
3.345
3.364
3.569
3.381
1.679
1.485
1.340
1.160
3.834
3.333
3.500
3.725
2.062
1.075
0.674
1.065
1.342
1.322
3.994
3.362
2.767
1.794
1.755
1.734
1.727
1.637
2.115
1.762
3.805
3.458
2.940
3.052
3.360
3.017
2.251
1.358
1.310
1.149
3.463
3.340
3.440
3.516
2.857
1.489
1.334
1.281
1.403
1.244
4.007
3.300
3.961
4.036
3.049
2.506
1.134
0.888
0.839
0.897
3.929
3.402
3.785
3.074
3.379
3.370
3.384
3.921
1.944
1.601
3.352
3.061
2.074
3.075
3.020
3.005
3.077
2.980
2.675
1.149
3.808
3.369
3.357
3.381
3.267
2.989
3.002
2.328
1.233
1.326
3.796
2.818
2.556
3.508
2.996
2.482
3.374
3.377
1.748
1.245
3.553
3.301
3.420
3.341
2.840
2.030
1.817
1.562
1.481
1.896
3.871
3.254
3.065
3.385
3.416
3.443
3.026
2.223
0.996
1.097
3.455
3.343
2.755
3.240
3.022
1.408
1.619
1.646
1.421
1.410
3.722
3.290
2.961
3.573
3.304
2.296
1.692
1.715
1.548
1.421
3.727
3.343
3.360
3.361
3.030
1.964
1.741
1.791
1.737
1.800
3.782
2.946
2.725
2.930
2.052
3.093
1.386
1.733
1.551
1.621
3.870
3.328
3.817
3.008
2.632
2.093
3.010
3.664
1.560
1.781
3.453
3.887
3.015
2.586
3.373
1.827
1.843
1.733
1.772
1.272
4.089
3.937
3.535
3.634
3.748
2.282
1.423
1.199
1.217
1.264
3.925
4.267
1.195
1.699
1.486
1.579
1.558
1.725
1.605
0.878
3.693
2.935
2.477
3.081
1.792
1.502
2.013
1.424
1.266
0.972
3.737
3.026
2.111
2.878
3.208
2.951
1.706
1.564
1.685
1.394
4.422
4.449
3.404
2.634
2.668
2.160
1.709
1.753
1.510
0.792
3.278
3.241
3.289
3.041
3.024
2.373
1.560
1.291
1.614
1.699
3.683
3.489
3.585
4.119
3.008
1.721
1.747
2.080
2.484
1.601
3.723
2.899
2.271
3.260
3.040
2.059
1.394
1.133
1.206
1.478
3.694
3.459
3.517
3.406
3.343
3.020
2.158
1.759
1.483
1.729
2.895
3.109
2.517
2.655
2.987
3.016
3.971
2.913
2.163
1.765
3.999
3.293
2.641
3.007
3.474
2.812
2.184
1.694
1.713
1.661
3.673
3.347
3.414
3.354
2.332
2.051
1.508
1.839
1.710
1.796
1.904
1.710
1.476
1.491
2.213
1.509
3.866
3.243
2.859
8.316
2.069
1.784
1.625
1.746
1.685
1.854
1.716
1.733
1.757
1.904
1.532
1.432
1.565
1.623
1.628
1.630
1.451
2.298
1.687
1.800
2.517
2.735
2.376
2.349
2.418
2.376
1.778
1.424
1.273
1.235
1.919
1.535
1.699
1.679
1.673
1.677
1.433
2.003
1.651
1.641
2.312
2.746
2.014
2.712
2.027
1.708
1.171
0.856
0.813
1.161
3.094
2.024
2.696
2.773
2.676
2.770
2.793
2.473
2.686
2.687
3.926
3.491
3.174
3.005
3.044
3.011
2.743
1.643
1.732
1.752
4.651
4.489
2.579
6.039
4.185
3.867
4.189
3.973
4.140
3.270
3.620
4.432
3.438
3.518
3.776
2.450
2.431
2.328
1.432
0.868
4.095
3.585
3.467
3.742
3.700
3.275
2.712
1.522
1.662
1.634
5.231
4.537
4.422
3.674
3.554
4.156
2.530
3.089
3.506
3.043
3.750
3.236
3.487
3.354
3.517
3.374
2.105
1.836
1.546
1.663
3.863
3.335
4.407
3.015
3.036
3.010
2.251
1.753
1.538
1.283
3.761
3.334
2.620
3.295
3.403
3.389
3.376
2.844
2.167
1.234
3.852
3.206
3.356
3.378
3.487
2.917
1.906
1.723
1.729
1.860
3.733
3.334
3.387
4.117
2.772
1.894
1.865
1.739
1.744
0.866
4.841
6.441
9.261
5.451
4.305
2.939
2.128
2.987
3.581
5.689
15.124
12.604
3.829
3.753
4.004
3.852
3.958
3.829
3.405
3.669
2.040
1.883
1.904
1.650
1.894
1.915
1.828
1.776
1.642
1.890
2.180
1.889
1.852
2.484
1.957
1.898
1.901
2.380
1.735
3.258
7.058
8.533
5.521
12.256
6.365
9.095
6.899
9.824
7.526
6.611
3.978
3.441
3.456
3.507
3.395
3.268
2.168
1.857
1.598
1.407
3.735
2.969
2.977
3.016
3.014
1.365
1.446
1.769
1.751
1.572
3.717
3.438
2.985
3.357
2.597
3.005
3.035
3.142
3.360
2.184
4.049
3.236
3.961
4.106
1.960
1.775
1.589
1.939
1.175
1.221
3.902
3.325
3.317
3.021
3.858
1.440
1.522
1.681
1.443
0.818
1.802
1.436
1.514
2.717
2.887
4.569
2.997
2.677
3.491
1.925
3.995
4.345
2.023
2.936
3.498
3.387
3.255
2.153
1.809
1.747
3.981
3.307
3.305
3.176
2.505
3.035
1.767
1.581
2.005
1.766
3.984
3.342
3.490
3.371
4.395
2.906
1.942
1.286
1.169
1.220
3.911
3.011
3.237
3.343
2.792
1.737
1.815
1.865
1.748
1.727
4.031
3.885
2.889
2.232
1.900
1.591
1.658
1.442
1.858
1.285
3.682
3.322
3.388
2.573
1.831
1.812
1.764
1.589
1.386
1.660
3.721
3.031
2.514
3.057
3.231
3.014
1.728
1.912
1.623
1.408
2.865
2.343
2.405
2.375
2.328
2.842
2.016
2.012
2.434
1.408
2.521
2.366
1.964
2.015
2.012
2.009
1.521
2.582
2.410
1.413
2.696
2.689
2.970
2.643
4.760
3.897
2.404
2.351
2.381
2.339
2.880
2.683
2.392
2.323
2.332
2.400
1.792
1.488
1.300
1.195
2.936
2.695
2.047
1.770
1.289
1.237
1.199
1.252
1.256
1.292
2.964
2.668
2.339
2.381
2.381
1.982
1.474
1.228
1.300
1.368
2.831
2.645
2.362
2.345
2.503
2.345
2.307
2.359
2.364
2.387
2.802
2.684
2.434
2.299
2.295
2.292
2.389
2.373
1.706
1.415
2.773
2.464
2.335
2.158
2.547
2.311
2.006
2.065
1.984
2.008
2.931
2.648
2.344
2.351
2.358
1.744
1.335
1.178
1.305
1.223
2.871
2.641
2.406
1.981
2.017
1.257
1.190
1.061
1.196
1.195
2.778
2.650
2.378
2.367
1.973
2.677
2.716
2.310
2.592
2.543
2.773
2.655
2.549
2.281
2.023
2.439
1.895
2.013
2.004
1.510
3.009
2.272
2.412
2.403
2.866
2.014
1.173
1.369
1.367
1.172
2.997
2.396
2.345
2.505
2.273
2.334
2.290
2.294
2.378
2.048
3.024
2.683
2.328
2.290
2.355
1.847
1.225
1.171
1.209
1.236
2.837
2.740
1.748
1.285
1.215
1.196
1.193
1.186
1.174
1.246
2.830
2.689
2.272
2.398
2.297
1.728
1.430
1.232
1.210
1.170
2.797
2.319
2.362
2.422
2.270
2.297
2.381
2.329
2.298
2.293
2.304
2.283
2.824
2.000
2.032
1.969
1.177
1.131
0.758
0.778
2.188
2.008
1.996
1.464
2.059
2.432
2.297
1.383
1.659
1.404
2.774
2.421
1.956
2.012
2.009
2.007
2.004
2.021
1.489
1.436
2.942
2.570
2.388
2.382
2.520
1.956
1.442
1.378
1.217
1.178
2.521
2.642
2.357
1.911
2.011
2.077
1.185
1.119
1.388
1.257
1.853
2.673
2.338
2.878
1.505
2.074
1.758
1.445
1.298
1.225
2.760
2.331
2.297
2.414
2.162
1.984
2.372
2.290
2.274
2.300
2.750
2.468
2.391
2.361
2.430
2.370
2.287
2.281
2.347
1.902
2.845
2.669
2.865
2.014
1.562
1.592
1.429
1.214
1.175
1.206
2.759
2.367
1.868
1.444
1.231
1.249
1.250
1.211
1.220
1.189
3.789
2.956
3.554
3.051
2.543
1.482
1.165
1.252
1.463
1.623
4.403
4.339
3.538
3.175
2.011
1.847
1.708
1.836
1.598
1.155
3.625
3.482
3.348
3.384
3.213
2.041
1.657
1.274
1.218
1.166
3.882
4.715
2.999
3.188
3.350
3.037
2.791
3.228
1.690
0.818
3.842
3.345
3.356
3.354
3.260
3.263
1.898
1.741
1.647
1.177
3.881
2.942
1.925
1.710
1.735
1.749
1.644
1.845
1.753
1.641
3.668
3.468
3.339
3.390
3.350
3.384
3.991
2.681
1.693
1.430
3.916
3.321
3.812
2.192
2.053
1.609
1.832
1.722
1.559
1.459
3.822
3.842
3.585
2.518
3.004
3.439
3.030
1.859
1.816
1.276
3.752
3.269
3.345
2.375
2.762
3.699
2.339
3.652
1.743
1.647
3.994
2.917
3.427
2.400
1.574
1.661
1.897
1.710
1.762
1.250
2.616
2.111
3.007
2.658
2.557
2.930
4.433
3.534
3.480
2.144
3.966
3.334
4.414
2.999
4.035
3.132
4.904
1.400
1.820
0.973
4.021
3.759
3.756
2.334
2.549
2.230
1.820
2.257
1.905
1.847
4.081
3.774
4.167
2.525
3.070
2.154
1.882
1.778
1.622
1.602
4.171
3.734
3.562
2.395
1.928
1.643
1.912
2.435
2.381
2.177
4.053
3.684
3.507
3.543
1.985
1.761
1.836
1.156
1.199
1.641
3.823
3.320
3.124
2.812
3.044
2.336
2.358
2.316
2.350
1.295
4.106
4.075
3.033
3.404
1.545
1.561
1.748
1.892
1.748
1.753
4.866
3.228
3.648
3.366
3.066
3.482
4.042
2.789
2.177
1.972
3.902
2.881
3.094
3.404
3.370
4.009
2.791
1.719
1.481
0.880
3.927
3.317
3.382
2.456
1.819
1.908
1.841
1.874
1.762
1.199
3.747
2.829
2.122
3.375
1.526
1.354
1.176
1.438
1.479
1.595
3.510
2.827
2.075
3.011
2.231
1.607
1.630
1.816
1.718
1.559
4.272
4.293
4.346
3.152
3.427
3.145
3.262
1.936
1.648
1.453
3.286
2.140
3.335
2.780
1.863
1.929
1.944
1.812
2.146
1.519
4.852
5.038
2.386
1.894
1.776
1.582
1.869
2.370
1.972
1.441
3.996
3.775
3.508
3.444
2.418
2.681
2.024
1.823
1.650
1.859
4.096
3.793
2.956
1.783
1.951
1.947
2.154
1.747
2.012
1.784
3.442
3.795
2.999
2.642
3.439
3.426
2.421
1.449
1.231
1.186
4.552
3.969
4.046
4.451
4.177
2.160
1.650
1.923
1.670
1.043
5.458
3.888
3.540
3.441
5.177
3.524
2.997
2.206
2.591
1.418
3.824
3.366
3.355
3.377
2.918
1.905
1.744
1.823
1.619
1.480
4.197
3.729
3.447
2.915
1.936
1.707
2.100
1.651
1.867
1.138
3.824
3.726
3.465
3.775
3.365
3.255
1.955
1.789
1.924
1.567
4.269
3.911
3.821
2.559
2.286
2.533
2.620
2.183
2.011
1.944
5.049
4.448
4.427
4.480
4.171
3.819
2.329
3.808
4.844
4.214
4.921
3.580
3.652
3.037
2.392
1.914
1.730
1.976
2.204
1.315
4.882
3.425
3.186
3.594
3.907
3.630
2.271
2.775
1.780
1.151
4.968
4.296
4.129
4.159
4.113
3.839
3.263
3.822
2.419
2.521
3.144
3.285
3.923
4.321
4.011
3.943
3.876
4.721
3.924
3.972
4.623
4.285
3.934
3.157
3.274
3.957
4.079
4.122
4.181
4.067
4.202
3.753
3.396
4.053
2.313
1.779
1.641
2.337
1.680
1.229
3.286
3.322
3.394
3.461
2.655
2.480
2.215
1.942
0.964
1.637
3.568
2.918
3.055
2.555
1.996
1.760
1.789
2.401
1.747
1.735
4.327
3.944
3.462
3.254
3.691
3.809
2.632
2.975
2.790
2.352
4.374
3.776
3.964
2.625
2.411
2.508
2.267
2.392
3.074
3.971
4.717
4.424
4.095
4.207
4.090
4.009
3.984
4.698
4.381
4.150
5.007
4.313
3.265
3.516
3.954
4.244
4.684
3.939
3.725
3.495
3.746
3.286
3.286
3.105
3.297
2.034
1.682
1.603
1.303
1.770
