2.693
2.259
2.131
2.136
2.056
1.972
1.978
2.184
1.983
1.951
2.386
2.054
2.048
1.867
1.774
1.831
2.207
1.917
1.832
1.855
2.224
2.046
2.093
1.999
2.065
2.005
2.144
2.093
1.891
1.821
2.581
2.027
1.983
1.807
1.983
1.941
1.995
2.052
2.071
2.019
2.130
1.937
1.921
1.765
1.912
1.868
1.853
1.936
1.961
1.751
2.666
2.323
1.906
1.903
2.791
2.142
1.962
1.876
1.985
2.062
2.758
1.864
1.853
1.878
1.811
1.645
1.915
1.863
1.804
1.640
1.830
1.742
1.709
1.750
1.714
1.584
1.700
1.719
1.751
1.625
1.891
1.059
1.171
1.232
1.182
1.191
1.197
1.285
1.231
1.180
2.821
2.129
2.124
2.165
2.242
3.220
2.253
2.008
1.877
1.928
3.079
2.285
2.189
2.451
2.440
1.952
1.891
1.917
1.701
1.975
2.874
2.254
2.440
2.199
2.135
2.320
2.057
1.858
1.883
1.966
2.124
1.799
1.697
1.738
1.688
1.516
1.719
1.690
1.717
1.678
3.099
2.301
2.120
2.317
2.264
2.116
2.063
2.103
1.693
1.773
2.503
2.205
2.181
2.177
1.974
2.441
1.882
1.797
1.798
1.799
1.978
1.711
1.709
1.698
1.664
1.445
1.544
1.669
1.772
1.776
1.505
1.270
0.939
1.017
1.408
1.404
1.420
1.425
1.409
1.428
1.928
1.656
1.651
1.688
1.661
1.383
1.401
1.656
1.653
1.671
2.269
2.061
1.886
1.759
2.112
1.516
1.692
1.675
1.723
1.816
2.463
1.957
1.830
1.761
1.721
1.744
1.747
1.710
1.788
3.023
1.970
1.745
1.720
1.761
1.453
2.628
1.714
1.698
1.710
1.681
2.615
2.252
2.067
2.082
1.938
2.107
1.996
2.129
1.832
2.203
2.960
3.174
2.089
2.009
1.905
2.043
1.949
2.003
2.204
3.218
3.481
2.704
2.194
2.010
1.915
1.914
1.944
2.023
1.819
2.378
2.575
2.105
2.052
2.113
1.953
2.001
2.048
2.004
1.955
2.100
2.989
3.213
2.054
2.019
1.970
2.024
2.003
2.009
2.285
2.470
3.906
2.128
3.539
3.588
2.144
2.092
2.096
1.911
2.136
3.459
2.124
2.526
1.693
1.693
1.661
1.678
1.764
1.873
1.796
1.808
2.559
2.115
2.065
2.158
2.017
1.718
1.564
1.791
1.774
1.882
2.825
2.284
2.216
2.210
2.079
2.312
2.199
2.158
2.133
2.208
2.623
2.034
1.954
2.095
2.042
1.914
1.893
1.908
1.654
1.846
2.452
2.091
1.996
1.881
2.248
1.994
1.978
2.128
2.201
2.110
2.033
1.833
1.748
1.784
1.672
1.509
1.728
1.702
1.712
1.683
2.031
1.742
1.484
1.491
1.695
1.698
1.699
1.685
1.734
1.685
2.390
2.078
2.008
2.394
2.167
2.019
2.180
1.988
1.867
2.044
2.679
2.043
2.197
2.063
1.909
1.947
2.111
2.169
2.279
2.020
2.477
2.120
1.831
2.112
2.058
1.978
2.094
2.007
1.943
1.953
2.887
2.045
2.004
1.933
1.746
2.027
1.923
2.060
2.082
2.047
2.464
2.113
2.054
2.217
2.005
1.992
1.956
1.991
2.178
1.962
1.865
1.665
1.636
1.650
1.630
1.681
1.589
1.758
1.710
1.692
2.027
1.729
1.512
1.551
1.697
1.678
1.685
1.747
1.745
1.690
1.839
1.657
1.644
1.620
1.650
1.632
1.622
1.634
1.710
1.380
2.058
1.788
1.685
1.741
1.700
1.687
1.778
1.721
1.680
1.678
2.059
1.736
1.758
1.818
1.692
1.708
1.723
1.459
1.706
1.711
1.851
1.633
1.653
1.612
1.387
1.667
1.654
1.646
1.622
1.666
1.872
1.658
1.445
1.685
1.633
1.645
1.650
1.616
1.649
1.652
1.883
1.703
1.456
1.714
1.805
1.782
1.748
1.773
1.945
1.849
2.454
1.968
1.849
1.961
1.607
1.619
1.925
1.864
1.917
2.030
1.627
1.695
1.673
1.688
1.674
1.709
1.692
1.685
1.701
1.434
1.898
1.722
1.656
1.680
1.498
1.401
1.668
1.665
1.674
1.644
1.953
1.717
1.684
1.682
1.419
1.724
1.697
1.684
1.701
1.692
2.098
1.753
1.710
1.734
1.711
1.856
1.705
1.713
1.675
1.691
2.232
1.840
1.729
1.906
1.734
1.913
1.794
1.737
1.772
1.868
2.186
1.899
1.836
1.905
1.936
1.765
1.957
1.937
1.914
2.000
1.947
1.804
1.727
1.759
1.721
1.773
1.763
1.710
1.704
1.707
1.940
1.757
1.700
1.679
1.701
1.427
1.699
1.674
1.703
1.668
1.943
1.748
1.707
1.692
1.731
1.788
1.760
1.688
1.692
1.915
2.101
1.749
1.742
1.844
1.811
1.496
1.700
2.174
1.793
1.719
2.108
1.734
1.718
1.762
1.815
1.803
1.738
1.729
1.771
1.584
1.853
1.727
1.761
1.669
1.661
1.654
1.640
1.432
1.638
1.639
2.206
1.837
1.808
1.804
1.497
1.447
1.787
1.808
1.693
1.706
2.514
1.990
1.990
1.802
1.988
1.927
1.975
2.097
2.129
2.123
2.445
2.028
1.814
2.131
1.978
1.987
2.008
2.115
1.978
2.024
2.659
2.109
2.072
2.059
2.254
1.973
2.291
2.194
2.251
2.048
3.735
2.140
1.936
2.177
1.795
2.150
2.151
2.094
2.263
2.406
2.360
1.909
1.727
1.977
1.848
1.858
1.846
1.842
1.867
2.012
2.597
1.992
1.806
1.857
1.770
2.024
1.934
2.091
1.804
1.812
2.108
1.756
1.551
1.783
1.681
1.690
1.688
1.724
1.753
1.687
2.031
1.708
1.710
1.758
1.736
1.710
1.682
1.684
1.767
1.760
2.039
1.812
1.711
1.758
1.698
1.542
1.688
1.759
1.973
1.969
2.103
1.687
1.719
1.757
1.706
1.706
1.767
1.836
1.750
1.816
3.001
1.840
1.799
1.952
1.905
1.631
1.846
1.860
2.057
2.027
2.977
2.121
1.997
2.042
2.056
1.919
1.937
1.968
1.821
2.052
2.953
2.238
2.547
2.150
1.934
2.024
2.204
1.751
2.054
2.132
1.881
1.437
1.694
1.687
1.691
1.659
1.681
1.685
1.744
1.917
2.396
2.099
2.515
2.083
1.993
1.962
1.991
2.072
1.780
1.776
2.912
2.248
2.262
2.120
2.200
2.093
2.226
2.193
2.062
2.171
2.572
1.923
1.963
1.806
1.730
1.865
2.023
2.433
1.980
1.986
2.369
1.950
2.310
2.055
1.959
1.937
1.925
1.983
1.930
1.919
2.354
1.939
2.098
1.901
1.851
2.002
2.039
2.326
2.090
3.355
2.582
2.048
1.978
2.022
2.071
2.203
2.065
2.101
1.934
2.184
2.286
2.129
1.912
1.834
1.602
1.800
1.722
1.698
1.686
1.762
2.552
2.040
2.049
1.977
1.790
1.785
1.761
1.881
1.892
1.863
2.161
1.828
1.902
2.123
1.895
2.051
1.947
1.988
1.770
2.457
2.068
1.717
1.636
1.822
1.706
1.687
1.682
1.702
1.779
1.706
2.628
1.805
1.806
1.762
1.527
1.901
1.912
1.867
1.929
2.058
2.644
2.155
1.953
1.772
1.787
1.822
1.746
1.736
1.784
1.766
2.674
2.093
1.963
1.742
1.955
1.771
1.790
1.935
1.853
1.730
2.698
2.076
1.959
1.701
1.887
1.834
1.956
2.473
2.154
2.146
2.036
1.734
1.483
1.822
1.727
1.720
1.709
1.722
1.684
1.701
2.939
2.204
2.060
2.120
1.888
1.795
2.014
1.884
1.832
1.685
2.937
2.270
2.316
2.302
2.282
1.920
1.940
2.051
1.726
2.050
2.287
1.878
1.878
2.041
1.605
1.804
1.740
1.755
1.805
1.828
2.013
1.715
1.505
1.742
1.697
1.710
1.678
1.683
1.726
1.689
2.016
1.736
1.699
1.716
1.631
1.788
1.804
1.873
1.941
1.938
2.145
2.034
2.320
1.966
1.941
1.959
1.869
1.864
1.796
1.723
2.098
1.769
1.756
1.797
2.816
2.124
1.914
2.000
2.017
1.960
2.507
2.056
1.989
1.882
1.953
1.943
2.055
2.099
1.981
1.992
3.050
2.079
2.032
2.170
1.996
1.877
1.903
1.959
2.096
1.917
3.020
2.029
1.976
2.143
2.160
2.064
2.022
2.114
2.148
2.107
1.989
1.740
1.674
1.451
1.684
1.748
1.697
1.685
1.743
1.736
1.937
1.698
1.767
1.465
1.676
1.679
1.700
1.684
1.746
1.659
2.485
1.833
1.783
1.704
1.629
1.915
1.886
1.932
1.981
2.048
2.655
2.056
1.976
2.113
2.018
2.020
2.145
1.994
1.993
1.969
2.424
2.153
1.965
1.925
1.795
1.804
1.984
1.627
1.807
1.843
2.452
2.023
1.719
2.017
1.999
2.135
1.994
1.977
1.880
1.938
2.071
1.795
1.720
1.714
1.715
1.557
1.500
1.685
1.779
1.982
2.306
1.824
1.799
1.771
1.502
1.760
1.753
1.787
1.773
1.767
2.126
1.780
1.698
1.700
1.759
1.582
1.567
1.706
1.693
1.690
2.068
1.724
1.710
1.669
1.641
1.636
1.871
1.597
1.810
1.688
2.602
2.004
1.974
1.961
1.847
2.067
1.920
1.897
1.984
2.016
2.159
1.772
1.713
1.722
1.718
1.907
1.754
1.678
1.681
1.555
2.898
2.047
1.987
1.728
1.645
2.002
2.037
2.064
2.317
2.087
2.274
2.065
1.922
2.080
2.212
2.007
2.014
2.133
2.207
2.239
2.354
1.968
2.024
2.077
1.987
1.963
1.988
2.162
2.015
2.011
3.167
2.252
2.098
2.305
2.217
1.919
1.915
1.902
1.834
2.156
2.551
1.955
2.085
1.930
1.641
1.909
1.891
1.959
1.962
1.844
2.457
2.024
1.938
2.014
1.769
2.073
2.027
2.016
1.959
1.972
2.234
2.016
1.759
1.857
1.958
1.706
1.837
1.780
1.723
1.766
2.129
1.756
1.713
1.739
1.706
1.786
1.683
1.679
1.689
1.717
2.021
1.762
1.683
1.761
1.492
1.722
1.696
1.700
1.665
1.710
2.050
1.769
1.476
1.443
1.644
1.640
1.684
1.673
1.651
1.658
1.885
1.640
1.631
1.440
1.655
1.644
1.698
1.925
1.821
1.644
2.459
2.111
1.920
1.708
1.811
1.772
1.832
1.832
1.933
1.858
2.849
2.025
1.979
1.876
2.075
1.971
2.193
2.227
1.934
1.915
3.139
2.119
1.925
2.158
2.075
2.046
2.103
2.263
2.349
4.750
2.731
2.052
1.924
2.157
2.138
2.005
2.068
2.574
2.166
2.147
2.860
2.053
2.070
2.097
1.939
1.915
2.069
2.050
2.386
2.122
2.626
2.063
2.015
2.060
1.985
2.209
2.029
1.979
2.037
1.917
2.125
1.868
1.875
1.924
1.879
1.642
1.545
1.843
1.861
1.763
2.136
1.766
1.723
1.782
1.820
1.772
1.816
1.884
1.771
1.960
1.626
1.693
1.614
1.632
1.633
1.618
1.625
1.672
1.665
1.637
2.096
1.870
2.083
2.017
1.997
1.706
1.917
1.837
1.960
2.059
2.813
1.931
1.885
1.521
1.893
1.907
2.042
2.037
1.900
2.001
2.411
2.018
1.936
2.209
1.866
2.104
1.974
1.927
1.818
1.831
1.909
1.702
1.764
1.711
1.671
1.641
1.638
1.634
1.657
1.412
2.122
1.826
1.567
1.660
1.777
1.722
1.702
1.705
1.863
1.764
2.035
1.744
1.620
1.543
1.719
1.698
1.684
1.688
1.758
1.680
2.181
1.623
1.538
1.786
1.736
1.843
1.963
1.904
1.902
1.986
2.769
2.137
2.039
1.762
1.979
1.871
1.834
1.939
2.050
1.888
1.898
1.726
1.721
1.538
1.892
1.755
1.755
1.753
1.799
1.759
2.583
1.994
1.903
2.173
1.925
1.858
1.848
1.977
1.994
1.929
2.034
1.759
1.675
1.558
1.506
1.707
1.715
1.738
1.775
1.731
3.431
2.574
2.353
2.262
2.137
2.669
2.435
2.417
2.243
2.974
2.122
1.844
1.758
1.726
1.742
1.748
1.716
1.754
1.707
1.590
1.644
1.722
1.675
1.636
1.625
1.418
1.798
1.690
1.735
1.792
2.039
1.747
1.804
1.861
1.707
1.735
1.676
1.676
1.707
1.717
2.073
1.755
1.679
1.748
1.733
1.484
1.718
1.732
1.682
1.758
2.295
1.935
1.537
1.718
1.733
1.686
1.687
1.850
1.790
1.693
2.168
1.718
1.489
1.736
1.758
1.709
1.743
1.854
2.128
1.801
2.269
1.930
1.803
1.716
1.509
1.741
1.821
1.854
1.981
2.048
2.938
2.334
2.071
2.262
2.140
2.146
2.090
1.879
1.979
1.939
2.294
1.983
1.862
1.819
1.837
1.781
1.802
1.514
1.818
1.800
2.360
2.057
2.258
2.138
1.880
2.059
1.985
2.177
2.394
2.084
2.836
2.145
1.966
2.091
2.012
2.171
2.088
2.104
2.281
2.322
2.662
2.131
2.085
2.273
1.946
1.953
1.894
2.198
2.067
2.127
2.138
1.730
1.708
1.713
1.699
1.681
1.698
1.597
1.671
1.674
3.129
2.519
3.071
2.416
2.118
2.118
2.150
1.932
2.236
2.203
2.960
2.317
2.203
2.006
2.256
2.254
2.175
2.429
2.301
2.193
2.083
1.850
1.724
1.821
1.827
1.615
1.630
1.771
1.745
1.761
2.807
2.054
1.922
2.008
2.071
2.031
1.954
2.164
2.512
2.242
2.841
2.129
1.881
1.967
2.298
1.952
2.041
2.190
2.327
2.253
2.493
2.080
1.772
1.864
1.557
1.664
1.914
1.907
1.955
1.983
2.724
2.079
3.135
1.983
2.058
1.985
2.060
2.019
1.914
1.886
2.024
1.566
1.751
1.690
1.692
1.748
1.692
1.733
1.690
1.727
1.952
1.700
1.691
1.658
1.648
1.698
1.654
1.677
1.683
1.669
2.029
1.803
1.745
1.741
1.692
1.747
1.702
1.746
1.745
1.790
2.138
1.740
1.755
1.707
1.499
1.595
1.784
1.803
1.807
1.840
2.812
2.427
2.953
2.477
2.082
2.090
2.182
2.050
1.875
2.159
3.069
2.196
2.064
2.185
2.180
2.190
2.220
2.303
2.120
2.366
2.004
1.756
1.551
1.525
1.699
1.704
1.679
1.709
1.725
1.741
3.148
2.280
2.329
2.452
2.212
2.164
1.961
2.057
1.757
2.166
3.667
2.168
2.194
2.185
2.177
2.240
2.132
2.129
1.962
2.238
2.446
2.018
2.040
2.025
1.770
1.799
1.771
1.739
1.806
1.742
2.035
1.791
1.730
1.777
1.696
1.717
1.503
1.748
1.684
1.681
2.006
1.729
1.701
1.723
1.563
1.816
1.712
1.669
1.702
1.765
2.355
2.035
1.963
1.981
1.745
1.985
1.923
1.913
1.873
1.796
2.436
2.020
1.742
1.932
1.849
1.707
1.720
1.691
1.784
1.690
1.683
1.733
1.711
1.713
1.733
1.681
1.715
1.681
1.684
1.706
2.686
2.089
2.037
2.042
2.077
2.017
1.959
1.998
1.944
2.041
2.953
2.303
2.002
1.816
1.720
1.952
1.905
2.022
2.214
1.939
