0.938
0.730
0.883
0.727
0.660
0.869
1.009
1.960
1.359
1.646
1.587
1.391
1.385
1.502
1.012
0.995
0.740
1.443
1.244
1.479
1.333
1.016
0.939
0.925
0.916
0.939
0.936
0.959
0.931
0.895
1.421
0.837
0.671
0.654
0.625
1.091
1.051
1.037
1.033
1.071
1.030
0.745
0.874
0.682
0.622
0.637
0.874
0.761
0.762
0.734
0.939
0.676
0.673
0.673
0.623
0.676
0.654
0.632
0.746
0.643
0.953
0.660
0.652
0.684
0.661
0.623
0.627
0.652
0.626
0.622
0.876
0.610
0.635
0.723
0.620
0.697
0.605
0.612
0.595
0.798
0.884
0.697
0.646
0.675
0.633
0.626
0.649
0.616
0.846
0.637
0.864
0.644
0.638
0.643
0.655
0.616
0.637
0.619
0.612
0.634
0.915
0.937
0.659
0.659
0.802
0.642
0.648
0.615
0.606
0.605
1.721
0.760
0.901
0.751
0.750
1.009
0.704
0.647
0.788
0.638
1.278
0.735
0.746
0.988
0.689
0.633
0.979
0.642
0.646
0.990
0.849
0.690
0.718
0.620
0.657
0.641
0.616
0.664
0.675
0.654
0.776
1.086
0.858
0.624
0.623
0.647
0.614
0.615
0.610
0.757
0.813
0.628
0.682
0.676
0.648
0.646
0.681
0.918
0.913
1.047
1.324
0.746
0.720
0.743
0.821
0.841
1.070
0.712
0.798
0.733
0.983
1.079
0.684
0.652
0.867
0.782
0.647
0.961
0.648
0.625
1.377
0.897
0.767
0.706
1.139
1.018
1.052
1.062
1.019
0.680
1.251
1.209
1.151
1.188
1.105
0.712
0.711
0.669
0.764
0.803
1.221
1.032
1.006
1.592
1.690
1.163
0.968
0.976
0.958
0.992
1.191
0.774
0.700
0.792
0.958
0.684
0.756
1.009
1.021
0.725
1.860
0.777
0.740
0.886
0.894
1.192
0.779
0.695
0.830
0.659
0.848
0.681
0.881
0.634
0.670
1.003
0.693
0.646
0.830
0.693
1.379
0.727
0.678
0.871
0.656
0.662
0.864
0.670
0.961
0.671
0.819
0.630
0.620
0.799
0.627
0.666
0.695
0.682
0.647
0.634
0.839
0.683
1.188
1.014
0.637
0.651
0.649
0.780
0.648
0.639
0.914
0.711
0.656
1.162
0.853
5.806
8.703
0.765
0.684
0.646
1.719
1.293
1.303
1.350
0.889
0.986
1.171
0.988
0.917
1.036
1.656
1.493
1.247
1.231
1.205
1.528
2.084
1.322
1.372
1.040
1.693
1.275
1.225
1.322
1.141
1.413
1.379
1.354
1.389
1.022
1.631
1.353
1.160
1.180
1.316
1.598
1.641
1.296
1.017
0.963
1.509
1.164
1.093
1.017
0.754
1.169
1.151
1.254
1.078
2.411
1.552
1.157
1.294
1.539
0.990
1.394
1.364
1.343
1.237
1.178
1.522
1.236
1.151
1.067
0.884
1.034
1.014
0.766
1.106
1.273
1.487
1.328
1.156
1.592
1.288
1.190
1.199
1.337
1.321
1.118
1.288
1.321
0.935
0.854
1.362
1.314
1.109
0.966
0.969
1.027
1.483
1.309
1.245
1.393
1.436
1.166
1.008
0.887
0.687
0.644
2.081
1.729
1.370
1.622
1.302
1.698
1.508
1.316
1.559
0.765
1.833
1.336
1.187
1.411
1.311
1.207
1.242
1.172
0.686
1.082
1.821
1.474
1.537
1.547
1.482
1.599
1.474
1.419
1.545
1.552
1.431
1.140
1.145
0.989
1.422
1.408
1.454
1.365
1.264
0.919
0.884
0.680
0.616
1.314
1.243
1.246
1.266
1.860
0.928
1.052
1.417
1.131
1.312
1.574
1.358
1.038
1.274
1.266
1.320
0.797
1.536
1.305
1.360
1.339
1.233
1.299
1.106
1.115
1.485
1.418
1.680
1.161
1.054
0.787
1.200
1.396
1.228
1.313
1.067
0.953
1.614
1.258
1.191
1.242
1.388
1.367
1.224
1.527
1.056
0.914
1.452
1.219
1.036
0.940
0.962
0.886
0.946
1.009
0.978
1.022
1.565
1.679
1.265
1.299
1.319
1.266
1.270
1.391
1.235
1.103
1.591
1.401
1.314
1.269
1.459
1.451
1.408
1.275
0.999
0.660
1.591
1.458
1.363
1.282
1.243
1.039
0.841
1.164
0.990
0.907
1.271
1.401
1.245
1.440
1.320
1.244
1.446
1.593
0.943
0.897
1.261
1.228
1.454
1.359
1.251
1.197
0.820
1.071
1.461
1.078
1.519
1.241
1.227
1.325
1.469
1.256
1.282
1.244
1.249
1.123
1.549
1.114
1.115
0.928
0.832
1.550
1.294
1.352
1.239
1.321
1.481
1.271
1.251
1.175
1.278
1.003
1.034
0.998
0.989
0.963
1.516
1.433
1.152
1.501
1.260
1.248
1.160
1.244
1.268
1.146
1.460
1.446
1.315
1.202
1.052
0.725
0.721
0.932
0.886
1.032
1.436
1.126
1.307
1.210
1.121
0.742
1.007
0.906
0.879
1.022
0.978
0.862
1.299
0.825
0.783
0.851
1.077
0.863
0.979
0.874
1.802
1.234
1.292
1.115
1.117
1.434
1.339
1.355
1.183
1.131
1.353
1.273
1.371
1.390
1.446
1.301
1.366
1.387
1.236
1.011
1.657
1.490
1.282
1.324
1.411
1.373
1.330
1.237
1.215
0.786
1.610
1.342
1.381
1.302
1.239
0.903
0.923
1.250
1.578
1.439
2.092
1.284
1.324
1.319
1.367
1.388
1.440
1.297
1.255
1.258
2.389
1.736
1.734
1.757
1.746
1.789
2.001
2.021
2.017
2.018
1.808
1.448
1.525
1.702
1.861
1.267
1.335
1.373
1.540
0.987
1.750
1.325
1.180
1.310
1.184
1.516
1.454
2.137
1.004
0.818
1.638
1.527
1.322
1.356
1.311
1.092
0.729
1.101
1.315
1.417
1.805
1.480
1.523
1.430
1.326
1.144
1.373
1.201
0.919
0.952
1.566
1.310
1.242
1.240
1.305
1.337
2.820
1.385
1.484
0.984
1.432
1.136
1.271
1.516
1.451
1.177
0.898
0.932
1.270
1.370
1.545
1.281
1.271
1.017
0.992
1.037
0.988
0.803
1.271
1.443
1.645
1.265
1.327
1.200
0.974
0.970
1.077
1.026
0.944
0.852
0.827
1.361
1.187
1.186
0.814
0.983
1.191
1.253
1.356
1.385
1.444
1.344
1.364
1.516
1.283
1.372
1.411
1.349
1.316
1.428
1.528
1.551
1.301
1.355
1.407
1.117
1.353
1.316
1.284
1.046
1.646
1.206
1.257
1.252
1.220
1.222
1.295
1.395
1.614
1.053
1.611
1.301
1.183
1.352
1.067
0.916
0.864
1.231
1.183
1.294
1.256
0.987
0.958
0.857
1.058
1.204
1.398
1.295
1.252
1.425
1.472
1.044
0.857
1.087
1.551
1.242
1.174
1.073
0.862
0.895
1.535
1.275
1.390
1.178
1.339
1.251
1.321
1.344
1.131
0.810
1.407
1.359
1.258
1.090
1.376
1.181
0.916
0.913
0.967
1.237
1.105
0.955
1.047
0.970
0.917
1.207
1.220
2.464
1.338
1.174
1.638
1.281
1.296
1.320
1.096
1.008
1.270
1.065
0.725
1.062
1.478
1.363
1.293
1.286
1.407
1.223
1.211
1.397
1.242
0.949
1.637
1.480
1.336
1.199
0.870
0.897
1.258
1.397
1.386
1.272
0.779
0.661
0.611
0.627
0.633
1.055
1.454
1.464
0.902
0.877
1.316
1.332
1.280
1.224
1.582
1.196
1.366
1.250
1.262
0.875
1.323
0.733
0.696
1.136
1.239
1.480
1.602
1.025
1.196
1.280
1.460
1.309
1.227
1.251
1.290
0.884
0.918
0.964
0.972
0.976
1.596
1.264
1.130
1.233
1.618
1.358
1.561
1.931
1.338
0.666
1.491
1.179
1.345
1.176
1.462
1.486
1.511
1.126
1.288
0.754
1.172
0.931
0.958
0.920
0.948
1.063
1.169
1.156
0.741
1.061
1.463
1.294
1.234
1.318
1.287
1.260
1.257
1.332
1.246
0.906
2.109
1.467
1.470
1.454
1.274
1.524
1.220
1.438
1.653
1.179
1.533
1.312
1.260
1.449
1.478
1.258
1.097
0.740
1.066
1.264
0.792
0.659
0.661
0.653
0.652
1.031
1.381
0.817
1.170
1.178
0.945
0.803
0.890
1.293
1.207
1.382
1.268
1.340
1.299
0.859
1.620
1.228
0.999
0.681
1.208
1.192
1.179
0.992
0.731
1.241
1.550
1.284
1.139
1.280
1.696
1.222
1.068
0.738
1.234
1.067
1.570
1.325
1.394
0.797
0.859
1.198
1.285
1.414
1.440
1.048
1.548
1.701
1.493
1.224
1.058
0.859
0.938
1.215
1.312
1.232
1.569
1.152
1.416
1.372
1.369
1.473
1.265
1.408
1.348
0.964
1.479
1.197
1.262
1.235
1.309
1.228
1.610
1.330
1.184
0.951
1.177
0.974
0.948
1.038
0.914
0.953
0.891
0.821
0.829
0.917
0.841
0.673
0.639
0.624
0.620
0.638
0.599
0.610
0.643
0.712
0.904
0.685
0.674
0.624
0.645
0.660
0.617
0.619
0.620
0.656
0.860
0.660
0.708
0.633
0.636
0.596
0.594
0.678
0.637
0.662
0.925
0.692
0.747
0.754
0.783
0.655
0.712
0.654
0.652
0.668
0.942
0.709
0.637
0.632
0.622
0.662
0.635
0.623
0.685
0.664
1.362
0.674
0.675
0.723
0.658
0.629
0.640
0.651
0.635
0.627
1.342
0.678
0.706
0.793
0.724
0.654
0.667
0.673
0.698
0.681
1.285
0.868
0.666
0.692
1.024
0.702
0.662
0.683
0.672
0.645
1.483
0.695
0.726
0.669
0.677
0.645
0.633
0.627
0.633
0.661
1.253
0.683
0.696
0.667
0.645
0.841
0.688
0.684
0.937
0.665
1.010
0.694
0.681
0.642
0.767
1.023
0.699
0.742
0.706
0.639
1.273
0.668
0.663
0.737
1.046
1.051
1.045
1.046
1.087
1.056
1.383
1.236
1.248
1.332
1.274
1.239
1.255
1.242
1.244
1.188
1.678
1.681
1.857
1.533
1.695
1.875
1.482
1.894
1.533
1.015
1.439
0.737
0.816
0.840
0.671
0.672
0.793
0.713
0.991
0.774
1.022
0.760
0.696
0.667
0.641
0.679
0.708
0.647
0.802
0.725
0.952
0.690
0.671
0.621
0.665
0.637
0.676
0.636
0.626
0.657
0.874
0.675
0.640
0.651
0.619
0.613
0.666
0.807
0.831
0.870
0.840
0.640
0.628
0.625
0.652
0.630
0.630
0.653
0.639
0.612
0.862
1.011
0.667
0.683
0.732
0.714
0.682
0.671
0.653
0.641
0.869
0.660
0.731
0.926
0.754
0.717
0.690
0.676
0.671
0.665
0.891
0.674
0.649
0.824
0.631
0.607
0.628
0.627
0.616
0.671
0.877
0.682
0.635
0.673
0.646
0.637
0.627
0.632
0.619
0.881
0.818
0.621
0.614
0.831
0.602
0.622
0.615
0.651
0.632
0.658
1.212
1.316
0.674
0.628
5.479
2.920
1.760
1.566
0.649
0.633
1.662
1.441
1.272
1.247
1.240
1.257
1.251
1.269
1.261
1.328
1.470
1.026
0.697
1.352
0.929
0.905
1.298
1.088
1.415
1.281
1.297
1.249
1.097
1.000
1.282
1.391
1.201
1.594
1.541
0.900
1.343
1.045
0.959
0.954
0.931
0.939
0.914
0.978
0.961
0.945
0.852
1.186
0.766
0.689
0.685
0.698
0.673
0.668
0.686
0.662
0.867
0.667
1.079
0.864
0.665
0.660
0.652
0.657
0.621
0.648
0.881
0.683
0.686
0.641
0.633
0.661
0.659
0.662
0.664
0.650
0.847
0.674
0.636
0.652
0.683
0.622
0.657
0.630
0.627
0.697
1.277
0.754
0.656
0.679
0.751
0.686
0.652
0.655
0.638
0.620
1.334
0.848
0.967
0.747
0.665
0.989
0.661
0.650
0.883
0.632
1.169
0.732
0.652
0.643
0.675
0.627
0.623
1.072
1.042
1.048
1.033
2.044
0.762
0.696
0.653
0.648
0.638
0.649
0.614
0.658
4.428
1.648
1.420
1.412
1.663
1.648
1.682
1.649
1.632
1.671
1.794
2.168
1.817
3.837
2.214
1.671
1.621
1.622
1.393
1.391
1.917
2.584
1.870
1.764
2.370
1.429
0.965
1.335
1.371
1.623
1.660
1.478
1.314
1.698
1.595
1.377
1.238
1.314
1.316
1.448
1.976
1.473
1.574
1.386
1.609
1.476
1.252
1.377
1.399
1.299
1.648
0.955
0.925
0.944
1.229
0.983
1.049
1.533
0.947
1.009
1.592
1.052
0.978
1.059
0.954
1.200
1.026
1.614
0.975
0.895
1.243
1.160
1.046
1.225
1.111
1.041
0.850
0.923
0.918
0.891
1.414
1.016
1.231
1.013
0.980
0.977
0.939
0.947
0.963
0.983
1.852
1.099
1.177
1.083
1.185
0.971
1.232
0.981
0.962
0.916
1.286
0.735
0.923
0.992
0.905
0.928
1.013
1.049
0.931
0.952
1.731
1.087
1.599
0.923
0.923
1.005
0.986
1.014
0.956
0.877
1.535
0.827
0.970
0.924
0.949
0.950
0.933
0.932
0.924
0.926
1.509
0.971
1.011
0.998
1.012
0.959
0.983
0.956
0.936
0.839
1.214
1.015
0.894
1.107
0.893
1.137
0.868
1.064
0.941
0.865
1.153
0.984
0.944
0.914
1.125
0.886
1.071
1.337
1.046
0.955
1.190
0.962
1.012
0.965
0.808
0.888
0.916
0.808
0.826
1.071
0.864
0.651
0.702
0.837
1.221
0.996
0.833
1.086
0.927
1.113
1.588
0.991
1.002
0.969
0.940
0.883
0.914
0.902
0.957
0.962
0.815
0.870
0.966
0.946
0.991
0.951
0.945
0.970
0.869
0.655
1.612
1.092
0.973
1.574
0.950
0.955
1.020
0.987
1.013
0.960
1.231
1.034
1.012
0.973
0.977
1.069
0.950
1.210
1.016
1.035
1.386
1.374
1.049
1.017
0.964
0.940
0.916
1.008
0.984
0.898
1.559
1.045
0.966
0.958
0.934
0.925
1.158
1.113
1.583
0.918
1.527
0.999
0.989
1.177
0.983
1.664
0.995
0.997
0.946
1.000
1.216
1.041
0.974
0.939
0.895
0.968
1.013
0.994
0.998
1.011
1.775
1.060
1.295
1.071
0.964
1.017
0.972
0.966
1.116
0.960
1.606
1.052
0.904
0.964
0.897
0.872
0.965
0.901
0.781
0.889
1.606
0.968
0.957
0.966
1.011
0.955
0.912
0.944
1.038
0.907
1.563
1.017
0.930
0.915
0.896
0.962
1.002
1.059
0.975
1.158
0.789
0.657
0.998
0.925
0.859
1.028
0.845
1.052
1.078
1.046
1.660
0.972
0.949
1.028
0.966
0.947
1.008
0.914
0.983
1.075
1.306
0.925
0.972
1.012
0.915
0.897
0.872
0.955
1.133
1.004
1.183
0.947
0.929
0.765
0.892
0.973
1.064
1.630
1.070
1.101
1.308
1.756
1.277
1.739
1.261
1.035
1.310
1.006
0.925
0.919
1.659
1.452
1.362
1.217
1.283
1.243
1.943
1.296
1.244
0.692
1.267
0.966
0.931
0.947
0.902
0.956
0.943
0.953
0.928
0.801
2.874
2.372
1.140
1.052
1.051
0.657
0.672
0.670
0.646
1.099
2.457
0.766
0.761
0.894
0.733
0.717
0.987
0.769
0.648
0.745
1.438
0.901
0.903
0.699
0.850
0.693
0.778
0.866
0.649
0.707
0.809
0.662
0.872
0.952
0.864
0.639
1.539
0.944
0.847
0.914
1.271
0.961
1.067
1.401
1.213
0.976
0.916
0.954
0.991
0.923
1.136
0.975
0.990
1.439
1.250
0.962
0.995
1.296
0.856
0.825
0.879
0.722
0.989
0.992
0.844
1.121
0.873
1.628
0.986
1.026
1.224
1.072
0.907
1.020
0.884
0.914
0.909
1.007
0.954
1.223
1.289
0.982
0.963
0.893
0.893
0.867
0.887
1.066
1.085
1.171
1.201
0.967
0.914
0.950
0.906
0.789
0.928
0.874
1.355
0.918
1.189
1.264
0.838
0.941
0.931
0.956
0.961
0.925
0.974
0.937
1.160
0.983
1.169
0.953
0.932
0.994
1.022
1.007
1.004
1.153
0.856
0.689
0.627
0.630
0.639
0.621
0.627
0.615
0.617
0.640
1.151
0.985
0.937
0.996
0.972
1.027
0.982
1.008
1.010
1.168
0.849
0.639
0.643
1.229
0.994
0.970
0.964
0.983
1.195
1.019
1.125
0.982
0.980
1.000
0.978
0.985
0.952
0.911
1.128
0.653
1.955
1.559
1.258
1.234
1.346
1.466
1.335
1.358
1.591
1.434
1.219
1.484
0.999
1.334
1.015
1.229
0.958
1.312
0.993
1.025
1.139
1.060
1.050
1.029
1.210
0.975
1.247
0.670
0.626
0.618
1.647
0.933
0.989
0.921
0.976
0.874
1.165
1.087
1.389
1.025
1.222
0.953
0.934
0.893
0.948
1.076
0.867
0.984
0.953
0.979
1.304
0.934
1.009
1.008
0.846
0.988
0.929
0.963
1.344
0.826
1.240
1.020
0.988
0.996
0.929
0.978
1.285
0.906
1.053
0.981
1.580
0.978
0.952
1.047
0.980
0.999
0.992
0.992
1.023
0.972
1.640
1.284
1.643
1.569
1.324
1.344
1.217
0.947
0.925
0.645
1.397
1.498
1.258
1.403
1.215
2.073
1.530
1.154
1.543
1.036
1.544
1.131
1.304
1.354
1.240
1.416
1.382
1.346
1.396
0.895
1.709
1.362
1.161
1.337
1.343
1.396
1.265
1.681
1.000
0.982
1.578
1.312
1.111
1.120
1.140
0.860
0.989
1.205
1.755
1.335
1.706
1.307
1.245
1.764
1.643
1.468
1.344
1.032
0.926
1.014
1.457
1.131
1.126
0.891
1.021
1.386
1.270
1.222
1.330
1.158
1.586
1.320
1.265
1.330
1.176
1.570
1.221
1.193
1.180
1.108
1.379
1.319
1.516
1.341
1.363
1.186
0.953
0.967
1.038
0.692
1.169
1.045
1.236
1.364
1.405
1.222
1.241
1.366
1.238
0.731
1.877
0.852
1.170
1.308
1.692
1.275
1.705
1.609
1.329
1.452
1.929
1.371
1.249
1.320
1.355
1.241
1.259
1.332
1.012
0.837
1.893
1.483
1.567
1.522
1.501
1.388
1.488
1.615
1.538
1.357
1.591
1.270
1.287
1.224
0.871
1.359
1.281
1.238
1.263
0.952
1.302
1.254
1.201
1.253
1.325
1.137
1.004
0.878
0.917
0.917
1.479
1.291
1.265
1.224
1.055
0.859
1.086
1.170
1.122
1.316
1.461
1.167
1.279
1.533
1.250
1.210
0.964
1.331
1.499
1.185
1.518
1.397
1.333
1.171
0.815
0.972
1.207
1.478
1.556
0.972
1.474
1.125
1.305
1.239
1.313
1.336
0.685
1.136
1.298
1.537
1.268
1.233
1.083
0.970
0.919
0.923
0.979
0.980
0.997
0.958
1.750
1.417
1.307
1.296
1.309
1.264
1.284
1.293
1.083
0.905
1.674
1.216
1.235
1.278
1.081
0.765
1.147
1.228
1.285
0.695
1.422
1.450
1.076
0.745
1.092
1.215
1.133
1.045
1.213
1.349
1.434
1.320
1.265
1.278
1.317
1.407
1.266
1.047
0.932
1.422
1.509
1.260
1.249
1.538
1.202
1.331
1.013
0.794
1.054
1.314
1.432
1.158
1.483
1.428
1.194
1.247
1.205
1.117
0.838
0.962
1.662
1.224
1.163
1.330
1.535
1.405
1.275
1.132
1.503
0.995
1.601
1.445
1.178
1.167
1.359
1.383
1.099
0.977
1.125
0.698
1.388
1.634
1.145
1.233
1.169
1.264
1.231
1.587
1.281
0.858
0.832
0.644
0.612
0.615
1.294
1.244
1.143
1.216
0.851
1.024
1.599
1.191
1.236
1.231
1.494
1.313
1.229
1.206
1.101
0.713
0.877
0.673
0.629
0.639
0.648
0.605
0.624
0.644
1.366
1.341
1.663
1.166
1.315
1.224
0.978
0.861
0.877
1.353
1.315
1.296
1.186
1.338
1.289
1.459
1.412
1.465
1.201
1.295
1.523
0.777
1.507
1.512
1.178
1.169
0.838
1.113
1.425
1.255
1.315
1.308
1.564
1.241
1.385
1.377
1.430
1.464
1.424
1.498
1.175
0.690
2.021
1.298
1.303
1.329
1.368
1.393
1.427
1.320
1.243
1.441
2.187
1.716
1.719
1.750
1.761
1.783
1.993
2.017
2.003
2.032
1.597
1.481
1.432
1.785
1.359
1.061
1.342
1.114
1.242
1.339
0.861
1.282
1.312
1.208
1.395
1.171
0.826
0.916
1.406
2.150
1.544
1.539
1.307
1.369
0.944
0.870
1.225
1.018
1.669
1.237
1.337
1.487
1.512
1.427
1.330
1.230
1.357
1.397
1.116
1.107
1.664
1.297
1.255
1.237
1.118
1.343
2.133
0.955
1.376
1.421
1.521
1.245
1.245
1.257
1.024
0.744
1.248
1.236
1.466
1.300
1.678
1.246
1.258
1.151
1.097
0.899
1.219
0.850
0.971
1.387
1.489
1.157
1.321
1.148
0.716
1.248
1.291
1.208
1.295
1.102
1.449
1.327
1.467
1.103
0.680
1.100
1.283
1.264
1.495
0.940
1.531
1.180
1.531
1.502
1.309
1.383
1.398
1.351
1.342
1.436
1.701
1.491
1.264
1.197
1.160
1.270
1.461
1.300
1.161
1.158
1.499
1.152
1.193
1.615
1.223
1.413
1.208
1.284
1.682
0.986
1.529
1.305
1.336
1.374
1.358
1.175
1.194
1.237
1.653
0.967
1.425
1.194
1.276
1.258
1.064
0.759
0.665
0.656
0.649
0.632
1.548
1.324
0.841
0.869
1.327
1.000
0.836
0.856
1.197
0.873
1.434
1.158
1.136
0.874
0.845
1.329
1.252
1.331
1.465
1.276
0.909
0.659
0.646
0.654
0.719
1.142
1.448
1.268
1.398
1.356
1.205
0.962
0.872
0.968
0.886
1.122
1.591
2.375
1.318
1.276
1.478
1.154
1.296
1.211
0.863
1.056
1.030
1.015
1.242
1.201
1.543
1.219
1.184
1.269
1.441
1.312
1.212
1.409
1.523
0.995
1.469
1.470
1.424
1.492
1.282
1.275
1.583
1.292
1.096
0.840
1.494
1.445
1.729
1.203
1.057
0.980
0.964
1.073
1.039
0.820
1.475
1.367
1.241
1.231
1.213
1.233
1.168
1.448
1.543
0.879
1.018
0.847
1.379
1.621
1.117
1.186
1.270
0.972
0.914
0.953
0.854
0.706
0.670
0.633
1.362
1.342
1.283
1.293
1.242
1.067
1.645
1.380
1.263
1.167
1.430
1.459
1.476
1.411
0.848
0.971
1.576
1.221
1.315
1.259
1.383
1.318
1.031
0.929
0.962
1.239
0.798
0.962
1.011
1.543
1.315
0.917
0.631
0.630
0.629
0.618
1.297
1.272
1.148
1.276
1.408
1.180
1.275
1.394
1.165
1.084
1.941
1.488
1.429
1.363
1.279
1.538
1.210
1.366
0.728
1.350
1.447
1.182
1.277
0.986
0.869
1.316
1.322
1.533
1.458
1.244
1.369
1.255
1.056
0.756
1.152
1.117
0.917
0.859
0.867
0.654
1.355
1.183
1.164
0.846
0.979
1.247
1.159
1.731
0.883
1.070
1.456
1.031
0.675
1.184
1.187
1.055
0.869
0.924
1.232
1.110
1.630
1.372
1.177
1.252
1.427
1.499
1.493
1.618
0.891
0.686
1.648
1.302
1.371
1.375
1.187
1.295
1.508
1.707
1.222
0.764
1.469
1.682
1.439
1.375
1.410
1.137
1.393
1.205
1.511
0.894
1.604
1.268
1.425
1.254
1.203
0.686
0.962
1.271
1.229
1.337
1.540
1.318
1.239
1.192
1.242
1.396
1.195
1.258
1.027
0.804
0.868
0.667
0.682
0.667
0.669
0.654
0.641
0.949
0.724
0.649
1.434
1.060
1.349
0.970
1.307
0.964
1.260
0.926
1.266
0.801
1.894
1.000
1.229
0.986
0.924
0.909
0.813
0.964
0.958
1.042
1.891
1.041
1.214
0.997
0.981
0.850
0.979
0.894
0.910
0.925
1.600
1.007
1.001
0.953
1.184
1.041
1.024
1.434
0.944
0.917
1.221
1.004
1.201
1.058
1.911
1.043
1.066
0.974
1.033
0.834
1.409
1.073
1.584
1.035
0.974
0.971
0.937
0.963
1.014
0.958
1.737
0.992
1.162
1.169
0.940
0.940
0.957
0.916
0.935
0.920
1.301
1.053
0.916
0.942
0.976
0.918
0.948
0.939
0.929
0.938
1.693
0.977
1.133
1.130
1.038
1.354
1.063
0.918
0.990
0.916
1.019
0.947
1.003
0.951
1.146
0.840
0.939
0.991
0.634
0.634
1.635
0.992
0.974
0.989
0.762
0.879
0.922
0.888
0.908
0.896
1.603
1.410
1.458
0.993
0.878
0.924
1.006
0.925
0.934
0.915
2.140
1.809
2.128
2.200
2.142
1.764
1.211
1.856
2.197
2.221
1.250
1.002
0.947
0.868
1.036
0.928
0.920
0.961
0.933
0.952
1.349
0.961
0.936
0.924
0.939
0.950
0.915
0.796
0.845
1.127
1.162
1.003
0.917
1.250
1.344
0.911
0.798
1.074
0.859
0.946
0.868
1.041
0.871
0.972
1.069
0.915
0.943
0.955
0.907
0.916
1.168
1.079
0.961
1.035
1.032
0.843
1.086
1.122
0.847
0.923
1.252
0.966
1.051
1.011
1.002
0.987
0.947
1.016
0.973
0.999
1.544
0.963
0.946
0.957
0.891
0.881
1.041
0.940
0.910
1.039
1.643
0.937
0.942
0.992
1.072
1.089
1.613
0.988
0.992
0.967
1.195
0.702
0.677
1.224
1.037
0.899
0.952
0.970
0.927
0.916
1.164
1.518
1.048
1.393
1.058
1.000
0.974
1.103
0.882
0.952
1.311
1.471
1.058
0.997
0.981
0.975
0.972
0.972
0.999
1.159
1.590
1.476
1.278
1.245
1.235
1.254
1.241
1.279
1.289
1.288
1.678
1.362
1.761
1.432
1.108
1.204
1.500
1.210
1.073
0.676
1.516
1.258
1.237
1.275
0.836
1.393
1.281
1.388
1.237
0.868
0.863
0.687
0.664
0.633
0.618
0.621
0.622
0.653
0.640
0.688
0.900
0.669
0.693
0.678
0.709
0.662
0.684
0.665
0.649
0.666
0.951
1.069
0.709
0.685
1.013
0.666
0.654
1.042
0.642
0.627
1.309
0.779
0.703
1.015
0.706
0.696
1.060
0.673
1.085
0.727
0.843
0.711
0.637
0.633
0.655
0.656
0.619
0.625
0.961
0.605
0.989
0.640
0.632
0.711
0.674
0.644
0.615
0.628
0.612
0.612
0.925
0.670
0.638
0.646
0.615
0.614
0.604
1.040
1.074
0.709
1.819
1.704
1.467
1.463
1.468
1.497
1.527
1.488
1.481
1.531
1.397
1.712
1.434
1.463
1.380
1.445
1.431
1.490
1.432
1.409
1.767
1.423
1.663
1.672
1.626
1.390
1.431
1.671
1.641
1.634
6.623
4.550
2.461
1.259
1.539
1.926
2.119
2.900
2.074
2.144
1.758
1.474
1.475
1.361
1.397
1.560
1.241
1.195
1.426
1.752
1.890
1.465
1.548
1.420
1.427
1.368
1.533
1.543
1.246
1.279
1.702
1.005
0.901
0.987
1.028
1.045
0.994
1.512
0.973
0.990
1.529
1.026
0.959
1.057
0.968
1.201
1.024
1.578
1.018
0.804
1.169
1.178
1.038
1.230
1.107
1.039
1.020
0.924
0.936
0.875
1.496
1.032
1.185
1.009
1.007
0.960
0.936
0.949
0.986
0.981
1.821
1.066
1.178
1.028
1.238
0.990
1.223
0.983
0.949
0.919
1.051
0.949
0.920
0.946
0.976
0.965
1.039
0.948
1.130
0.660
1.685
1.065
1.536
0.986
0.918
1.007
1.017
0.993
0.939
0.892
1.668
0.903
0.883
0.930
0.964
0.932
0.934
0.921
0.939
1.018
1.572
0.970
1.010
0.976
1.028
0.988
0.958
0.952
0.934
0.933
1.133
0.990
1.076
0.958
1.046
0.908
1.132
0.863
1.098
0.979
1.269
0.945
1.009
0.923
0.874
1.046
1.100
1.155
1.019
0.977
1.299
0.948
1.040
0.948
0.910
0.873
1.096
0.739
0.759
0.940
1.069
0.940
0.933
0.974
1.045
0.840
0.677
0.635
0.665
0.655
1.522
0.989
0.974
0.969
0.922
0.933
0.801
0.974
0.884
1.049
0.843
0.903
0.993
0.980
0.940
0.990
0.948
0.946
0.979
0.763
1.490
1.051
0.992
1.566
0.957
0.970
1.027
0.982
0.989
0.978
1.197
1.013
1.004
0.969
0.952
1.102
0.946
1.185
1.047
1.026
1.315
1.346
1.062
1.012
0.937
0.967
0.923
0.996
0.956
0.919
1.615
1.078
0.955
0.977
0.948
0.885
1.006
1.106
1.526
0.969
1.622
0.994
0.988
1.210
0.960
1.671
0.996
1.006
0.963
0.999
1.139
1.030
0.945
0.918
0.951
0.956
0.993
1.007
0.996
0.995
1.836
1.076
1.339
1.037
0.955
1.017
0.963
0.986
1.097
0.963
1.520
0.977
0.968
0.957
0.897
0.817
1.037
1.073
0.868
0.888
1.518
0.956
0.972
0.941
1.030
0.966
0.904
0.966
1.025
0.790
1.646
1.010
0.964
0.895
0.884
0.944
1.030
1.068
0.962
1.152
1.055
0.855
1.112
1.054
0.939
0.939
0.912
1.053
0.632
0.641
1.618
1.135
0.951
1.017
0.973
0.980
0.984
0.917
0.965
0.940
1.164
0.975
0.967
0.984
0.851
0.896
1.122
1.086
0.846
1.004
1.243
0.994
0.903
0.863
0.867
0.916
0.891
1.780
1.116
0.894
1.405
1.583
1.426
1.545
1.301
1.027
1.294
1.009
0.922
0.927
1.494
1.387
1.382
1.077
0.897
0.936
1.235
1.445
1.356
1.115
0.892
0.704
1.068
1.048
1.076
1.073
1.051
1.065
1.056
0.624
0.899
0.787
0.739
0.653
0.639
0.677
0.713
0.721
0.686
0.691
0.861
0.634
0.638
0.610
0.619
0.591
0.609
0.612
0.651
0.642
0.917
0.695
1.100
0.951
1.033
2.024
0.882
0.832
0.979
0.641
1.338
0.982
0.858
1.620
1.207
0.980
0.918
0.952
0.978
0.952
1.174
0.968
1.013
1.518
1.226
0.912
0.959
1.082
1.100
0.888
1.140
1.126
0.779
0.842
0.792
0.898
1.804
1.003
0.662
0.681
1.399
0.830
1.093
0.820
0.875
0.921
0.946
0.984
0.953
1.203
1.211
0.979
0.936
0.822
0.973
0.884
1.058
0.892
1.253
1.219
1.282
0.972
0.910
0.955
0.902
0.845
1.004
0.845
1.084
0.829
1.243
1.047
0.860
1.004
0.946
0.944
0.938
0.934
0.986
0.945
1.228
1.002
1.156
0.932
0.938
1.021
0.998
0.994
1.004
1.150
0.823
0.778
0.627
0.623
0.598
0.643
0.627
0.654
0.652
0.639
1.219
1.006
0.926
0.996
0.975
1.020
0.999
1.000
1.000
1.175
1.089
0.959
0.981
0.972
0.949
1.232
1.036
0.757
0.629
0.625
1.239
0.982
0.984
0.989
1.078
0.905
1.001
0.970
0.891
0.929
1.862
1.412
1.376
1.181
1.420
1.460
1.307
1.377
1.551
1.490
1.277
1.334
1.006
1.337
1.003
1.203
0.987
1.305
0.997
1.000
1.309
0.726
0.702
1.342
1.058
1.194
1.031
1.200
0.984
1.252
1.542
0.963
0.986
0.932
0.944
0.894
1.184
1.069
1.396
1.013
1.159
0.971
0.924
0.905
0.937
0.950
1.009
0.969
0.948
0.956
1.255
1.098
0.957
1.054
0.931
0.964
0.870
0.945
1.129
0.791
1.145
1.105
1.069
1.009
0.957
0.960
1.110
1.067
0.893
1.136
1.714
0.930
0.937
1.093
0.983
0.999
1.039
1.018
0.937
0.968
1.551
1.155
1.252
0.813
1.246
1.125
0.805
1.033
1.343
1.413
1.489
1.456
1.175
1.147
0.887
0.892
2.288
1.274
1.300
1.421
1.619
1.285
1.165
1.185
1.122
1.548
1.203
1.413
1.281
0.835
1.534
1.070
0.866
0.834
1.175
1.345
1.327
1.041
0.740
1.393
1.650
1.322
1.285
1.128
1.226
1.156
1.003
0.736
2.546
0.802
1.626
1.299
1.244
1.763
1.927
1.348
1.349
1.527
1.081
0.639
1.665
1.240
1.259
1.302
1.085
0.728
1.238
1.227
1.264
0.964
1.676
1.371
1.263
1.380
1.254
1.218
1.211
1.124
1.034
0.889
0.772
0.652
0.668
0.644
1.299
1.171
0.843
1.107
1.351
1.357
1.252
0.905
1.407
1.362
1.230
1.109
1.168
0.912
0.927
1.215
1.965
1.770
1.218
1.783
1.175
1.485
0.806
1.382
1.309
1.542
2.010
1.380
1.294
1.266
1.347
1.248
1.259
1.358
1.240
0.675
1.716
1.340
1.680
1.542
1.307
1.494
1.507
1.670
1.522
1.277
1.506
1.274
1.178
1.060
1.023
1.410
1.242
1.358
1.013
0.809
1.493
1.231
1.248
1.276
1.522
1.044
1.436
0.955
0.948
0.672
1.574
1.303
1.243
1.218
1.288
1.116
1.004
0.952
0.943
1.319
1.634
1.279
1.211
1.136
1.601
1.293
1.382
0.933
1.427
1.218
1.608
1.417
1.303
1.462
1.056
0.703
1.026
1.392
1.270
1.073
1.549
1.243
1.373
1.240
1.223
1.244
1.654
1.471
1.257
0.742
0.818
0.666
0.650
0.612
0.625
0.611
0.615
0.629
1.292
1.247
1.661
1.420
1.186
1.334
1.384
1.150
1.290
1.589
1.557
0.941
1.511
1.180
1.516
1.286
1.325
0.816
0.981
1.181
1.207
1.258
1.512
1.451
1.374
1.040
0.859
0.882
1.233
1.176
1.071
1.054
1.448
1.343
1.234
1.354
1.331
1.321
1.342
1.190
0.899
1.049
1.470
1.271
1.425
1.361
1.356
1.348
1.277
1.145
0.858
0.935
1.549
1.265
1.298
1.225
1.226
1.155
1.453
1.122
1.552
1.150
1.714
1.258
1.264
1.220
1.542
1.134
1.513
1.233
1.252
0.972
1.349
1.293
1.062
0.694
1.066
1.190
1.150
1.091
0.998
1.320
1.242
1.360
0.829
0.843
1.222
1.267
1.254
1.352
1.212
1.254
1.284
1.540
1.325
1.386
1.293
0.886
1.015
0.930
1.232
0.656
1.544
1.302
1.258
1.218
1.289
0.980
0.845
1.051
1.165
1.031
1.648
1.302
1.104
0.846
0.853
0.822
1.035
0.955
0.912
0.647
1.717
1.426
1.280
1.271
1.061
1.135
1.357
1.630
1.261
0.936
1.304
1.273
1.342
1.412
1.461
1.280
1.387
1.447
1.329
1.020
1.607
1.491
1.287
1.320
0.861
0.849
1.242
1.078
1.493
1.315
1.773
1.265
1.246
1.192
1.063
0.861
1.140
1.598
1.315
1.442
1.956
1.174
1.346
1.280
1.470
1.385
1.460
1.180
1.278
1.431
2.272
1.720
1.745
1.736
1.766
1.785
2.015
2.016
1.993
2.031
1.705
1.482
1.526
1.695
1.654
1.433
1.360
1.221
1.589
1.093
1.497
1.218
1.314
1.641
1.294
1.204
1.479
2.371
0.931
0.895
1.502
1.528
1.186
1.234
0.887
1.033
1.246
1.404
1.284
1.180
1.632
1.560
1.509
1.404
1.347
1.314
1.359
1.661
1.146
0.983
1.496
1.193
1.620
1.227
1.220
1.326
2.813
1.387
1.312
1.156
1.566
1.255
1.255
1.329
1.177
1.069
0.908
1.135
1.170
1.479
1.488
1.170
1.619
1.233
1.254
0.967
1.022
1.377
1.449
0.725
1.556
1.263
1.325
1.487
1.114
1.283
0.874
1.087
1.084
0.970
1.240
1.251
1.007
0.997
1.351
1.180
1.290
1.245
1.366
1.109
1.261
1.244
1.549
1.493
1.200
1.481
1.399
1.370
1.198
1.544
1.586
1.419
1.184
1.276
0.998
0.966
0.918
1.333
1.322
1.280
1.561
1.184
1.283
1.266
1.131
1.082
0.915
0.990
1.315
1.466
1.686
1.326
1.309
1.292
1.197
1.352
1.265
1.351
1.273
0.972
1.309
1.048
0.923
0.939
0.824
1.085
1.296
1.412
1.518
1.249
1.538
1.351
1.415
1.126
0.731
1.112
1.177
1.356
1.277
0.669
1.550
1.293
1.163
1.210
1.338
1.167
1.246
1.275
0.893
1.268
1.325
1.338
1.456
1.221
1.413
1.014
0.932
0.909
0.970
1.056
1.287
1.218
2.263
1.612
1.270
0.671
0.681
0.638
0.620
0.696
1.536
1.250
1.340
1.316
1.108
0.981
1.017
0.742
1.218
1.352
1.602
1.306
1.288
1.300
1.211
1.426
1.221
1.118
1.072
0.799
1.552
1.477
1.254
1.029
0.733
1.296
1.252
1.243
1.542
1.742
1.078
0.768
1.362
1.624
1.195
1.033
1.005
0.928
1.084
1.045
1.394
1.342
1.265
1.238
1.224
1.479
1.182
1.135
1.114
0.743
1.512
1.462
1.309
0.997
0.864
1.110
1.347
0.915
0.884
0.957
1.631
1.318
1.274
1.294
1.325
1.264
1.074
1.001
1.005
0.665
1.416
1.532
1.184
1.267
1.356
1.516
1.174
0.854
1.266
1.349
1.650
1.213
1.298
1.252
1.405
1.402
1.224
1.226
0.998
0.735
1.235
0.944
0.944
0.923
1.069
1.307
0.981
1.272
1.175
1.331
0.826
1.762
1.294
1.248
1.254
1.344
1.264
1.273
1.310
1.258
1.935
1.480
1.462
1.472
1.262
1.445
1.309
1.704
1.230
1.314
1.612
1.321
1.264
1.484
1.229
1.587
1.270
1.124
0.708
1.144
1.277
0.913
0.813
1.072
0.674
0.908
0.972
0.806
0.895
1.098
1.382
1.278
1.401
1.192
1.193
1.236
0.851
1.144
1.002
0.952
1.526
1.389
1.238
1.046
0.690
1.125
1.184
1.515
1.430
0.654
1.472
1.421
1.348
1.284
1.154
1.125
0.784
1.149
1.098
0.914
1.495
1.313
1.123
0.814
1.095
1.385
1.270
1.410
1.436
1.411
1.688
1.674
1.530
1.276
1.172
1.396
1.396
1.319
1.330
0.922
1.742
1.271
1.228
1.489
1.366
1.184
1.173
1.420
1.241
1.135
1.569
1.263
1.274
1.357
1.268
1.138
1.274
1.404
1.521
0.927
1.243
0.983
0.986
0.846
0.947
0.911
0.812
1.076
0.875
0.895
1.530
0.724
0.760
0.952
0.944
0.986
0.794
1.093
0.750
1.065
1.498
1.086
1.343
0.969
1.308
0.966
1.261
0.919
1.270
0.901
1.988
1.024
1.216
0.979
0.925
0.947
0.834
0.886
0.978
1.040
1.961
1.104
1.167
1.079
0.910
0.934
0.895
0.892
0.939
0.896
1.649
1.003
0.976
0.988
1.197
1.021
1.044
1.431
0.939
0.915
1.314
1.014
1.188
1.075
1.916
1.047
1.057
0.975
1.026
0.931
1.358
1.045
1.601
1.027
0.978
0.947
0.954
0.956
1.016
0.962
1.834
0.980
1.160
1.164
0.935
0.926
1.008
0.895
0.930
0.929
1.220
1.019
0.921
0.954
0.967
1.078
0.972
0.954
0.894
0.930
1.638
1.078
0.964
1.160
1.041
1.345
1.057
0.918
0.939
0.968
1.237
0.663
0.956
0.952
1.019
1.004
1.019
0.840
1.023
0.979
1.556
0.988
0.953
0.936
0.756
0.958
0.919
0.886
0.905
0.981
1.514
1.423
1.456
0.966
0.903
0.911
1.011
0.932
0.927
0.907
2.200
1.816
2.202
2.160
2.163
2.469
2.318
2.222
2.187
1.099
1.168
0.984
0.959
1.066
0.845
0.823
1.012
0.960
0.945
0.943
1.307
1.074
0.935
0.933
0.932
0.931
0.946
0.873
0.837
0.890
1.242
1.039
0.917
1.071
1.374
1.050
0.879
0.807
0.839
1.043
1.049
1.022
0.972
0.903
0.835
1.005
0.966
0.916
0.901
1.382
1.247
0.914
0.965
1.009
1.006
1.051
0.893
1.307
0.974
0.889
1.198
0.988
1.000
1.042
0.993
0.973
1.124
1.030
0.985
1.006
1.623
0.984
0.960
0.967
0.866
0.905
1.013
0.936
0.921
0.874
1.535
0.956
0.948
0.988
1.084
1.072
1.601
1.002
1.000
0.967
1.150
1.002
0.898
0.959
0.972
0.929
0.916
0.602
0.612
0.709
1.217
1.397
1.065
1.369
1.057
0.994
0.978
1.069
0.904
0.959
1.257
1.413
1.081
0.982
0.986
0.994
0.981
0.968
0.956
1.168
1.481
1.449
1.177
1.270
1.251
1.242
1.251
1.250
1.261
1.407
1.574
1.318
1.276
0.974
1.148
1.205
1.206
1.383
1.293
0.994
1.445
1.285
1.124
1.089
1.088
1.381
1.329
1.285
1.042
0.905
1.454
1.060
0.989
0.983
0.907
0.917
0.923
0.974
0.978
0.954
0.828
0.637
0.705
0.608
1.040
0.897
0.625
0.606
0.603
0.658
0.857
0.704
0.990
0.728
0.714
0.675
0.641
0.655
0.777
0.674
1.572
0.697
0.679
0.818
0.689
0.629
0.832
0.671
0.638
0.828
1.679
0.711
0.664
0.884
0.640
0.648
0.896
0.666
0.725
0.763
0.876
0.655
0.657
0.626
0.866
0.695
0.624
0.619
0.635
0.657
0.909
0.665
0.629
0.659
0.621
0.642
0.668
0.659
0.917
0.963
1.531
1.232
1.258
1.220
1.713
1.477
1.299
1.403
1.392
1.396
1.293
1.109
1.156
1.138
1.148
1.140
1.075
1.085
1.118
1.089
1.815
1.653
1.675
1.633
1.631
1.618
1.662
1.647
1.633
1.646
3.777
1.738
1.680
1.695
1.646
1.641
1.674
1.635
1.823
1.691
1.852
1.613
1.593
1.776
1.462
1.739
1.676
1.647
1.886
1.545
1.752
1.813
1.604
1.878
1.586
1.678
1.935
1.535
1.724
1.384
0.810
0.648
0.689
0.685
0.621
0.638
0.637
0.783
0.691
0.657
0.853
0.671
0.721
0.633
0.643
0.653
0.656
0.643
0.897
0.634
1.269
0.729
0.616
0.611
0.619
0.614
0.610
0.611
0.606
0.614
1.284
0.659
0.640
0.748
0.655
0.635
0.663
0.637
0.625
0.621
0.921
0.684
0.645
0.656
0.646
0.650
0.637
0.632
0.637
0.648
0.907
0.704
0.668
0.637
0.610
0.619
0.619
0.635
0.618
0.635
1.301
0.772
0.738
0.741
0.686
0.661
1.007
0.742
0.657
0.626
0.989
0.659
0.644
0.636
0.623
0.630
0.863
0.663
0.643
0.645
1.010
0.698
0.651
0.640
0.643
0.631
0.639
0.646
0.626
0.625
1.284
0.709
0.686
0.697
0.675
0.796
0.681
0.655
1.134
0.646
1.373
0.672
0.632
0.631
0.610
0.616
0.631
0.767
0.692
0.687
1.354
0.661
0.632
0.623
0.632
0.652
0.630
0.731
0.649
0.755
1.698
0.755
0.697
0.664
0.639
0.643
0.630
0.643
0.736
0.640
0.880
1.069
0.724
0.656
1.003
0.731
0.662
0.916
0.669
0.677
1.361
0.704
0.758
0.850
0.667
0.771
0.764
0.708
0.693
0.771
1.338
0.674
0.726
0.773
0.679
0.708
0.686
0.673
0.680
0.886
0.884
0.681
0.646
0.624
0.640
0.640
1.056
0.716
0.648
0.657
1.073
0.692
0.675
0.663
0.633
0.614
0.618
0.704
0.619
0.619
0.859
0.801
0.657
0.655
0.658
0.627
0.647
0.617
0.623
0.648
0.884
0.689
0.668
0.671
0.648
0.631
1.017
0.888
0.632
0.605
0.855
0.630
0.624
0.628
0.607
0.611
0.626
0.900
1.134
0.596
0.853
0.638
0.669
0.635
0.644
0.647
0.624
0.623
0.613
0.806
0.864
0.630
0.667
0.667
0.618
0.600
0.606
0.617
0.606
0.593
0.858
0.649
0.661
0.652
0.627
0.663
0.632
0.633
0.657
0.910
0.848
0.637
0.661
0.632
0.614
0.637
0.625
0.614
0.619
0.620
0.880
0.671
0.663
0.643
0.644
0.650
0.805
0.704
0.653
0.624
0.830
0.715
0.664
0.664
0.807
0.661
0.656
0.731
0.666
0.681
1.323
0.727
0.691
0.647
0.646
0.699
1.067
0.784
0.692
0.647
1.789
0.806
0.649
0.644
0.676
0.656
0.623
0.634
0.630
0.683
