2.157
2.367
1.811
1.790
1.707
1.776
1.702
1.685
1.712
1.746
2.262
1.927
1.850
1.884
1.707
1.795
1.949
1.966
2.083
2.058
2.581
2.126
1.859
2.047
1.896
1.515
1.916
1.859
1.883
1.995
2.645
2.307
2.152
2.214
2.230
2.129
2.105
1.957
2.233
2.127
1.891
1.649
1.454
1.752
1.644
1.632
1.666
1.645
1.657
1.661
2.725
2.099
1.949
2.030
1.979
1.969
1.900
1.911
1.747
2.050
2.436
2.023
2.137
1.799
1.924
1.908
2.028
1.966
1.943
1.975
1.776
1.719
1.680
1.711
1.716
1.730
1.696
1.680
1.687
1.500
2.014
1.757
1.751
1.773
1.627
1.742
1.702
1.704
1.700
1.708
2.075
1.806
1.749
1.759
1.737
1.726
1.712
1.694
1.674
1.814
2.053
1.728
1.814
1.523
1.735
1.663
1.685
1.697
1.724
1.685
2.538
1.935
1.827
1.992
2.157
1.986
2.210
1.884
1.822
1.577
2.374
1.844
1.777
1.918
1.814
1.917
1.829
1.893
2.133
2.062
3.067
2.275
2.175
2.159
2.263
2.248
2.091
2.190
2.183
2.063
3.056
2.260
2.515
2.274
2.133
2.197
2.229
1.877
1.873
2.068
3.049
2.151
1.941
1.887
2.044
1.853
1.877
2.147
2.127
2.097
2.890
2.706
2.336
1.989
2.103
2.173
2.321
2.201
2.146
2.204
2.263
2.432
2.113
2.023
1.811
1.789
1.849
1.780
1.665
1.788
2.426
2.018
2.076
2.093
2.101
1.944
1.780
1.799
1.758
1.728
2.554
2.229
1.889
2.007
1.972
2.290
1.997
1.960
1.921
1.951
2.383
2.007
2.049
2.015
2.005
1.944
1.994
2.141
1.967
2.058
2.517
1.898
1.795
1.745
1.766
1.559
1.512
1.691
1.672
1.704
3.135
2.300
2.148
2.195
2.138
1.887
1.921
2.365
2.136
2.155
2.024
1.729
1.744
1.601
1.686
1.689
1.710
1.713
1.717
1.694
1.930
1.468
1.643
1.692
1.626
1.656
1.644
1.626
1.668
1.607
2.046
1.576
1.513
1.767
1.822
1.848
2.104
1.948
1.845
1.734
2.033
1.734
1.734
1.591
1.495
1.691
1.708
1.767
1.738
1.703
2.021
1.801
1.735
1.720
1.714
1.718
1.502
1.941
1.821
1.770
3.490
2.531
2.166
2.282
2.245
2.158
2.198
2.160
1.940
2.200
2.332
1.967
1.785
1.947
2.044
2.374
2.005
1.834
1.761
1.823
2.894
2.252
2.024
2.135
2.039
2.043
2.007
1.868
1.733
1.677
2.582
2.320
1.994
2.184
2.102
2.106
2.066
2.031
1.984
2.005
2.059
1.786
1.713
1.733
1.727
1.553
1.758
1.689
1.716
1.730
2.041
1.813
1.711
1.725
1.787
1.600
1.479
1.691
1.691
1.788
1.885
1.686
1.686
1.646
1.652
1.691
1.362
1.639
1.657
1.617
1.834
1.648
1.633
1.630
1.654
1.640
1.800
1.396
1.639
1.651
1.763
1.808
1.712
1.791
1.752
1.838
1.759
1.717
1.780
1.756
2.243
2.095
2.008
1.828
2.039
1.940
1.908
1.799
1.788
1.752
2.183
1.952
1.931
1.937
1.971
1.840
1.923
1.996
1.843
1.962
2.848
2.061
2.018
2.205
1.792
1.982
1.917
1.959
2.030
1.933
3.584
2.290
2.107
2.541
2.174
1.968
2.217
2.500
2.365
2.376
2.906
2.501
1.760
2.183
2.017
2.089
2.205
2.204
2.306
2.872
2.643
2.151
2.011
2.012
2.019
2.054
1.951
2.014
1.769
2.067
2.404
1.975
2.020
2.053
2.167
2.012
1.976
2.017
2.023
2.153
2.570
2.106
2.076
1.841
1.863
1.793
1.785
1.836
1.986
1.850
2.896
2.544
2.181
2.176
2.160
2.175
2.199
2.156
2.106
2.157
1.885
1.723
1.496
1.651
1.631
1.637
1.412
1.726
1.699
1.682
2.291
1.982
2.070
1.830
1.948
1.971
2.138
1.925
1.886
1.811
2.439
1.666
1.833
1.840
1.820
1.627
1.748
1.805
1.793
1.813
2.152
1.898
1.893
1.783
1.925
1.936
1.883
1.909
2.064
1.787
3.219
2.186
2.064
2.136
2.089
2.194
2.170
2.099
2.107
2.133
2.127
1.843
1.949
1.871
1.492
1.422
1.669
1.680
1.475
1.663
2.102
1.671
1.801
1.826
1.473
1.706
1.738
1.797
1.874
1.711
2.300
1.838
1.629
1.813
1.770
1.766
1.846
1.930
1.913
1.774
3.112
2.220
2.193
2.223
1.908
1.974
2.050
1.718
2.011
2.638
2.372
1.858
1.779
1.716
1.713
1.706
1.698
1.749
1.738
1.575
3.034
2.450
2.195
2.366
2.380
2.009
1.992
2.123
1.795
2.101
1.997
1.511
1.591
1.755
1.713
1.762
1.711
1.773
1.728
1.712
2.036
1.731
1.790
1.737
1.719
1.695
1.718
1.724
1.692
1.716
2.880
2.254
2.117
2.009
1.928
1.886
1.872
1.743
1.989
1.969
1.910
1.756
1.711
1.517
1.685
1.691
1.684
1.664
1.695
1.717
2.214
1.986
1.784
1.784
1.755
1.641
1.901
1.832
1.823
2.142
2.321
1.854
1.748
1.751
1.534
1.539
1.738
1.689
1.706
1.730
2.270
1.953
1.819
2.083
1.976
1.938
1.939
1.946
1.827
1.725
2.051
1.716
1.724
1.584
1.725
1.690
1.694
1.706
1.794
1.689
2.134
1.527
1.728
1.708
1.689
1.782
1.771
1.715
1.713
1.733
2.375
1.978
1.954
1.911
1.858
2.104
1.866
1.919
1.888
1.677
2.647
2.231
2.122
2.215
2.048
3.557
2.153
2.162
2.210
2.181
2.748
2.014
2.143
1.690
1.817
1.861
1.929
1.922
1.873
1.994
3.779
2.093
1.933
2.012
2.080
1.833
1.982
2.351
2.359
2.117
2.518
2.201
1.948
2.053
2.002
2.005
2.008
1.792
1.797
1.836
2.142
1.860
1.801
1.822
1.854
1.734
1.881
1.980
1.897
1.744
2.355
1.979
2.041
2.027
2.027
2.474
1.870
1.580
1.814
1.747
2.393
1.992
1.833
1.882
1.803
1.692
1.942
1.863
2.001
1.994
2.351
1.878
1.826
2.004
1.768
1.963
1.903
2.019
2.380
1.995
2.038
1.716
1.714
1.736
1.506
1.481
1.693
1.691
1.734
1.797
2.107
1.765
1.776
1.834
1.709
1.890
1.809
1.813
1.828
1.886
2.066
1.546
1.715
1.723
1.713
1.733
1.699
1.735
1.702
1.702
2.212
2.093
2.008
2.129
1.945
2.035
2.066
2.292
1.868
1.794
2.089
1.725
1.553
1.764
1.713
1.785
1.698
1.771
1.923
1.734
2.830
2.115
2.049
2.329
2.358
2.286
2.394
2.068
1.917
1.969
2.729
2.212
2.087
2.069
1.911
1.856
1.891
2.023
1.978
1.908
2.272
1.937
1.950
1.905
2.027
2.102
2.054
2.057
1.948
1.889
1.838
1.652
1.633
1.388
1.642
1.643
1.631
1.627
1.651
1.646
2.123
1.794
1.817
1.793
1.566
1.768
1.694
1.756
1.653
1.619
2.523
1.935
2.028
2.219
1.882
1.972
1.813
1.444
1.709
1.708
2.316
1.873
1.773
1.807
1.627
2.016
1.875
1.771
1.843
1.662
2.075
1.718
1.723
1.660
1.759
1.747
1.800
1.695
1.528
1.798
2.051
1.753
1.729
1.591
1.751
1.714
1.686
1.565
1.482
1.715
2.135
1.428
1.638
1.654
1.632
1.764
1.401
1.648
1.630
1.632
2.120
1.811
1.825
1.766
1.883
1.815
1.924
2.069
1.786
1.720
2.866
1.809
1.974
2.012
2.199
2.034
1.995
1.964
2.060
1.916
1.634
1.671
1.716
1.685
1.642
1.396
1.400
1.665
1.647
1.647
2.782
2.099
2.177
2.334
4.642
2.044
1.949
1.748
1.952
1.846
1.987
1.674
1.631
1.644
1.397
1.863
1.685
1.638
1.640
1.421
3.015
2.287
2.143
2.014
2.112
2.328
2.172
2.238
2.100
2.373
2.487
1.919
1.884
2.486
1.972
1.778
1.857
1.844
1.950
1.653
2.739
2.058
1.888
1.938
1.658
1.705
2.130
2.092
2.075
2.163
3.684
2.274
2.069
2.243
2.224
2.154
2.085
2.459
1.994
1.878
2.273
1.887
1.717
1.785
1.615
1.638
1.932
1.905
1.925
1.942
2.299
1.885
1.798
1.945
1.505
1.788
1.746
1.705
1.700
1.712
2.864
2.312
2.966
2.300
1.951
1.898
1.965
1.904
2.101
2.166
2.006
1.746
1.687
1.764
1.618
1.790
1.773
1.709
1.660
1.696
2.081
1.790
1.708
1.738
1.538
1.499
1.700
1.663
1.690
1.723
2.543
2.036
1.983
2.071
2.070
1.755
1.747
1.736
1.778
1.676
2.065
1.724
1.689
1.741
1.578
1.696
1.704
1.666
1.748
1.768
1.890
1.673
1.646
1.646
1.436
1.406
1.638
1.652
1.668
1.622
3.024
2.300
2.183
2.261
2.348
2.136
2.215
2.339
1.966
2.170
2.619
2.049
1.967
2.245
2.081
1.985
2.017
1.980
1.839
2.020
3.031
2.214
2.173
2.079
2.187
2.077
2.563
2.188
2.039
1.926
2.178
1.781
1.760
1.716
1.715
1.843
1.930
1.822
1.782
1.790
2.105
1.819
1.697
1.547
1.729
1.732
1.675
1.707
1.808
1.751
2.162
1.811
1.705
1.709
1.700
1.713
1.698
1.716
1.703
1.737
2.036
1.756
1.711
1.695
1.542
1.711
1.704
1.701
1.702
1.714
2.068
1.564
1.714
1.748
1.681
1.691
1.733
1.745
1.679
1.690
2.062
1.752
1.599
1.787
1.704
1.713
1.672
1.668
1.744
1.704
2.423
2.470
1.998
2.022
1.970
2.279
1.789
1.765
1.729
1.554
2.495
2.056
2.057
2.004
2.054
1.944
2.004
1.969
1.933
1.870
2.562
1.712
1.808
1.850
1.910
1.985
1.656
1.889
1.887
1.795
2.958
2.149
1.944
2.120
2.079
1.778
2.018
2.040
1.896
1.898
2.323
1.609
1.760
1.781
1.827
1.652
1.922
1.757
1.706
1.870
2.718
2.022
1.958
1.956
1.924
1.703
2.059
2.143
1.851
1.984
2.313
1.941
1.809
1.801
1.765
1.559
1.586
1.750
1.781
1.821
2.463
2.046
2.143
1.972
1.995
1.874
1.947
1.721
1.628
1.855
2.852
2.041
1.826
1.659
1.877
1.831
1.809
1.886
1.746
1.721
1.509
1.646
1.669
1.640
1.640
1.428
1.415
1.642
1.634
1.610
2.287
1.989
1.968
2.043
1.774
1.809
1.771
1.806
1.893
1.785
1.903
1.798
1.739
1.781
1.878
1.561
1.792
1.813
1.576
1.721
1.589
1.670
1.693
1.935
1.653
1.587
1.471
1.641
1.649
1.877
1.974
1.732
1.706
1.665
1.730
1.709
1.706
1.699
1.763
1.771
2.207
1.868
1.833
1.930
1.915
1.927
1.973
1.885
1.959
1.802
2.139
1.761
1.744
1.724
1.684
1.764
1.770
1.715
1.702
1.741
3.066
2.357
2.102
1.892
1.886
1.938
1.694
2.032
1.945
1.986
2.825
2.005
1.906
1.876
1.876
1.988
1.965
1.867
1.943
1.659
2.778
2.031
1.951
1.960
2.069
1.958
2.109
1.850
1.891
1.788
3.125
2.256
2.250
2.245
2.249
2.125
2.152
2.098
2.151
2.143
2.630
2.070
2.062
2.317
2.061
1.828
1.847
1.822
1.689
1.647
2.042
1.806
1.739
1.743
1.710
1.674
1.471
1.510
1.706
1.698
2.017
1.793
1.699
1.784
1.531
1.707
1.693
1.693
1.747
1.743
2.034
1.786
1.549
1.572
1.720
1.696
1.697
1.696
1.702
1.688
2.082
1.731
1.529
1.771
1.700
1.674
1.661
1.732
1.718
1.699
2.176
1.830
1.710
1.725
1.728
1.539
1.538
1.691
1.694
1.698
2.026
1.731
1.585
1.560
1.716
1.698
1.696
1.694
1.718
1.687
2.121
1.776
1.564
1.612
1.930
1.914
1.962
1.976
1.938
1.936
2.855
2.344
2.183
2.412
1.956
2.306
2.153
2.418
2.185
2.113
3.310
2.087
1.924
2.097
1.848
1.835
2.063
2.106
2.136
2.041
2.755
2.073
1.913
2.006
2.121
1.774
2.099
1.986
2.121
2.241
2.010
1.742
1.695
1.721
1.664
1.481
1.507
1.686
1.724
1.677
2.360
2.095
2.126
2.206
1.938
1.869
1.946
1.738
1.768
1.974
2.955
2.249
1.990
2.214
2.174
2.273
2.472
2.086
2.028
2.176
2.274
1.898
1.816
1.621
1.879
1.854
1.857
1.934
1.897
1.793
2.347
1.987
1.935
1.980
2.054
1.997
1.950
1.918
1.774
1.953
2.927
2.252
2.213
2.175
2.219
2.128
2.189
2.225
1.869
1.896
2.967
2.215
1.925
2.021
1.748
1.687
2.001
2.078
2.525
2.188
2.532
2.070
1.962
2.044
2.071
1.990
1.988
1.960
1.897
1.734
2.062
1.729
1.746
1.664
1.501
1.691
1.699
1.733
1.759
1.769
2.119
1.800
1.749
1.719
1.716
1.771
1.804
1.715
1.740
1.743
2.156
1.727
1.690
1.797
2.128
1.570
1.695
1.710
1.718
1.556
2.047
1.798
1.736
1.807
1.569
1.592
1.767
1.742
1.749
1.667
2.254
1.588
1.756
1.730
1.741
1.943
2.058
1.726
1.693
2.049
1.841
1.769
1.720
1.469
1.771
1.888
1.775
1.828
1.712
1.692
2.704
2.002
1.917
1.673
1.883
1.880
1.629
1.720
2.103
2.240
2.303
1.813
1.770
1.837
1.602
1.575
1.809
1.777
1.793
1.964
2.073
1.809
1.703
1.754
1.692
1.714
1.735
1.681
1.697
1.702
1.897
1.731
1.735
1.731
1.738
1.816
1.753
1.757
1.785
2.265
2.062
1.710
1.689
1.737
1.771
1.705
1.696
1.719
1.762
1.511
2.105
1.719
1.698
1.651
1.697
1.624
1.647
1.703
1.476
1.786
2.063
1.696
1.664
1.639
1.648
1.440
1.680
1.651
1.649
1.625
3.547
1.992
1.542
1.804
1.775
1.774
1.589
1.811
1.904
1.799
2.620
1.940
1.814
1.797
1.599
1.652
2.091
1.894
1.747
1.930
2.868
1.897
1.980
1.975
2.017
1.600
1.913
1.928
1.959
2.019
2.311
1.773
1.895
1.953
2.009
2.057
1.969
1.845
1.835
1.682
2.656
2.001
1.917
1.855
2.062
1.900
1.935
2.026
1.920
1.965
1.881
1.455
1.734
1.829
1.716
1.728
1.765
1.704
1.704
1.817
1.826
1.828
1.754
1.770
1.752
1.534
1.790
1.777
1.789
1.645
2.602
2.117
1.861
2.151
2.248
2.196
1.862
2.038
1.978
1.941
1.664
1.691
1.660
1.645
1.676
1.649
1.652
1.633
1.869
1.564
1.893
1.763
1.751
1.943
1.549
1.758
1.741
1.708
1.841
1.717
2.526
2.244
2.114
2.044
2.017
2.180
2.092
1.958
2.057
1.911
1.646
1.733
1.675
1.719
2.036
1.884
1.797
1.504
1.519
1.770
2.303
1.965
1.756
1.817
1.515
1.785
1.765
1.755
1.594
1.580
1.818
1.662
1.789
1.676
1.664
1.725
1.622
1.581
1.691
1.659
1.854
1.696
1.410
1.629
1.651
1.633
1.654
1.711
1.631
1.649
2.086
1.746
1.709
1.551
1.488
1.729
1.709
1.698
1.724
1.751
